vertex	7	33	41
vertex	10	21
vertex	11	33	38	41
vertex	14	29
vertex	15	0	2	7	11	15	41	52
vertex	16	67
vertex	17	24
vertex	18	38	41	52
vertex	19	16
vertex	20	4	9
vertex	21	63	67
vertex	23	7
vertex	24	20
vertex	25	32	34
vertex	26	4	62	63	67
vertex	33	62	63	67
vertex	34	0	4	7	16	23	27	32	34
vertex	38	23	27	32	38
vertex	41	0	4	48	63	67
vertex	42	0	4	14	22
vertex	45	57	61
vertex	46	52	53
vertex	48	52	53	57	61	65
vertex	49	63	69
vertex	53	52	53	54	55	56	57	58	59	60	61	62	63
vertex	54	22
vertex	55	22
vertex	60	0	15	16	22	23	31	39	48	52	54	55	56	57	58	59	60	61	62	63
vertex	61	0	15	63	69
vertex	62	22
vertex	63	0	23	31	32	39	46
vertex	66	50	72
vertex	67	0	31	32
vertex	72	54
vertex	73	62	72
vertex	76	72
vertex	78	72
vertex	81	58	72
vertex	82	32
vertex	85	60	64	68	72
vertex	86	52
vertex	87	39

sector	0	77		43	44	45	46	49	58	60	67	88	87	86	85		-1	1	-1	-1	-1	-1	3	-1	32	-1	-1	23
sector	0	0		39	40	44	43		-1	2	-1	0
sector	0	20		24	25	26	41	40	39	38	37		-1	-1	-1	10	-1	1	-1	-1
sector	0	0		58	59	59	61	61	60		0	-1	-1	4	-1	-1
sector	0	33		56	62	61	59		-1	5	-1	3
sector	0	33		56	57	63	62		4	-1	6	-1
sector	0	33		50	51	64	63	57		-1	7	-1	-1	5
sector	0	33		33	34	51	50		-1	8	-1	6
sector	0	44		30	31	34	33		9	12	-1	7
sector	0	0		29	30	33	32		11	-1	8	-1
sector	0	0		26	27	42	41		2	-1	11	-1
sector	0	55		27	29	32	42		10	-1	9	-1
sector	0	33		22	23	31	30		-1	13	-1	8
sector	0	33		13	14	23	22	18		14	-1	-1	12	-1
sector	0	33		12	13	18	17		-1	-1	13	-1
sector	0	33		4	5	17	16		-1	16	-1	-1
sector	0	33		0	1	5	4	3		17	-1	-1	15	-1
sector	0	33		0	3	6	15	19	11	2		-1	16	-1	-1	-1	18	-1
sector	0	33		8	9	10	11	19	21	20		19	-1	-1	-1	17	-1	-1
sector	0	33		7	8	20	28	36	35		-1	-1	18	-1	-1	20
sector	0	33		35	36	48	47		-1	19	-1	21
sector	0	0		47	48	53	53	52	52		-1	20	-1	-1	22	-1
sector	0	55		52	53	54	55	79	82	82	82	81		-1	21	-1	-1	-1	27	-1	-1	25
sector	0	0		85	86	107	106		26	0	-1	24
sector	0	44		105	106	107	114	113		-1	-1	23	29	-1
sector	0	44		81	82	101	100		-1	22	-1	-1
sector	0	0		84	85	106	104		28	-1	23	-1
sector	0	0		79	80	83	82		22	-1	28	-1
sector	0	44		80	84	104	83		27	-1	26	-1
sector	0	0		107	108	115	115	114		24	-1	30	-1	-1
sector	0	23		108	109	110	111	115		29	-1	-1	-1	31
sector	0	23		111	116	121	128	129	123	115		30	-1	-1	-1	-1	-1	-1
sector	0	0		67	68	89	88		0	-1	33	-1
sector	0	45		68	69	90	89		32	-1	34	-1
sector	0	44		69	70	91	90		33	-1	35	-1
sector	0	43		70	71	92	91		34	-1	36	-1
sector	1	42		71	72	93	92		35	-1	37	-1
sector	2	42		72	73	94	93		36	-1	38	-1
sector	3	42		73	74	95	94		37	-1	39	-1
sector	4	42		74	75	96	95		38	-1	40	-1
sector	5	42		75	76	97	96		39	-1	41	-1
sector	6	42		76	77	98	97		40	-1	42	-1
sector	7	42		77	78	99	98		41	-1	43	-1
sector	9	42		65	66	103	102	99	78		-1	-1	-1	44	-1	42
sector	9	42		102	103	112	118	117		-1	43	-1	-1	45
sector	9	42		117	118	119	120	122	127	126	125	124	121		-1	44	-1	-1	-1	-1	-1	-1	-1	-1

player	25	40	1	0