vertex	0	1	3	10	26	37	62	67	70	77	80	85	97	99	104	107	124	127	132
vertex	2	1	3	6	7	10	12	14	16	18	20	22	24	26	31	32	37
vertex	3	0	1	3	4	5	6	7	8	9	10	11	15	19	25	26	31	32	33	34	35	36	37	38	39	41
vertex	4	2	3	4	5	6	7	8	9	10
vertex	5	3	4	5	6	7	8	9	10	11	25	26	29	34	35	36	37	38	39	40	41	62	67	70	77	80	85	95	97
vertex	6	3	4	5	6	7	8	9	10	11	12	24	25	97	99
vertex	7	3	4	5	6	7	8	9	10	12	13	23	24
vertex	8	2	3	4	5	6	7	8	9	10	13	14	22	23	26	31	32	34	35	36	37	38	41	62	67	70	77	80	85	95	97	99	104	107	124	127	132
vertex	9	0	1	3	4	5	6	7	8	9	10	14	15	21	22	26	27	34	35	36	37	38	40	41
vertex	10	3	4	5	6	7	8	9	10	12	13	15	16	20	21	22	25	26	34	35	36	37	41
vertex	11	2	7	12	13	14	16	17	19	20	22	23	24	25	27	28	34	35	41	99	104	107	124	127	132
vertex	12	2	6	7	12	13	14	20	26	29	31	32	34	41
vertex	13	0	1	6	7	11	12	13	14	19	21	41
vertex	14	0	2	3	6	7	11	14	18	19	20	23	24	28	32	33	41
vertex	15	17	18	19	27	31	32	33	41	62	67	70	77	80	85
vertex	16	0	2	6	7	14	15	17	18	26	29
vertex	17	0	2	3	6	15	23	26	29	41
vertex	18	0	1	3	7	9	11	13	15	17	19	22	40	62	67	70	77	80	85
vertex	19	2	3	18	20	30	31	32	33	34	35
vertex	20	7	9	11	13	15	17	19	21	27	29	30	33	34
vertex	21	3	6	7	9	18	20	27	34	56	58	60	62
vertex	22	2	3	5	6	7	9	11	13	15	17	18	19	21	27	34
vertex	23	0	1	5	7	9	20	22	27	34	35	56	58	60	62	67	70	77	80	85
vertex	24	0	5	6	7	9	11	13	15	17	19	21	23	26	27	28	29	30	31	32	35
vertex	25	8	10	13	18	23
vertex	26	9	11	13	17	18	23	42	56
vertex	27	10	12
vertex	28	11	13	17	36	38	39	41	99	104	107	124	127	132
vertex	29	12	14	17	18
vertex	30	35	36	42	44	46	48	50	52	56	58	60
vertex	31	35	36	38	99	104	107	124	127	132
vertex	32	35	36	38	39	44	46	48	50	52
vertex	33	35	36	38	39	41	42	43	44
vertex	34	23	28	29	30	31	32	33	35	41	42	43	44	46	48	50	52	56	60
vertex	35	28	29	30	31	32	33	35	40	41	42	43	44
vertex	36	35	39	40	41	42	43	44	46	48	50	52
vertex	37	31	32	35	39	40	41	42	43	44
vertex	38	28	31	32	35	40	41	42	43	44	45	46	47	48	50	52	56
vertex	39	30	35	41	42	43	99	104	107	124	127	132
vertex	40	35	42	43	45	47	49	52
vertex	41	35	43
vertex	42	35	43	45	47	49	52	56
vertex	44	35	56
vertex	33	136	137	139	140	141
vertex	35	136	137
vertex	36	136	137
vertex	37	136	137	141




















































sector	38	52		0	1	19	18		-1	-1	1	-1
sector	40	50		1	2	22	21	20	19		0	-1	53	-1	2	-1
sector	40	51		20	21	40	39		-1	1	-1	3
sector	38	54		39	40	64	63		5	2	4	8
sector	36	54		40	41	65	64		3	-1	20	9
sector	36	54		38	39	63	62		19	-1	3	7
sector	40	54		61	62	70	69		28	19	7	17
sector	22	52		62	63	71	70		6	5	8	11
sector	40	54		63	64	72	71		7	3	9	12
sector	22	54		64	65	73	72		8	4	10	13
sector	40	54		65	66	74	73		9	20	22	23
sector	22	54		70	71	99	98		17	7	12	16
sector	22	54		71	72	100	99		11	8	13	15
sector	22	55		72	73	101	100		12	9	23	14
sector	22	54		100	101	115	114		15	13	25	35
sector	40	54		99	100	114	113		16	12	14	34
sector	22	54		98	99	113	112		18	11	15	33
sector	22	54		69	70	98	97		29	6	11	18
sector	40	54		97	98	112	111		30	17	16	32
sector	34	54		37	38	62	61		27	-1	5	6
sector	34	53		41	42	66	65		4	-1	21	10
sector	32	54		42	43	67	66		20	-1	-1	22
sector	30	52		66	67	75	74		10	21	-1	24
sector	22	54		73	74	102	101		13	10	24	25
sector	28	54		74	75	103	102		23	22	-1	26
sector	40	54		101	102	116	115		14	23	26	36
sector	26	54		102	103	117	116		25	24	-1	37
sector	32	54		36	37	61	60		-1	-1	19	28
sector	30	53		60	61	69	68		-1	27	6	29
sector	28	52		68	69	97	96		52	28	17	30
sector	26	51		96	97	111	110		52	29	18	31
sector	24	50		110	111	124	123		-1	30	32	38
sector	22	54		111	112	125	124		31	18	33	39
sector	22	53		112	113	126	125		32	16	34	40
sector	22	54		113	114	127	126		33	15	35	41
sector	22	52		114	115	128	127		34	14	36	42
sector	22	54		115	116	129	128		35	25	37	43
sector	24	51		116	117	130	129		36	26	-1	44
sector	22	49		123	124	161	160		-1	31	39	45
sector	40	54		124	125	162	161		38	32	40	46
sector	22	54		125	126	163	162		39	33	41	47
sector	40	54		126	127	164	163		40	34	42	48
sector	22	54		127	128	165	164		41	35	43	49
sector	40	54		128	129	166	165		42	36	44	50
sector	22	54		129	130	167	166		43	37	-1	51
sector	22	48		160	161	182	181		-1	38	46	-1
sector	24	49		161	162	183	182		45	39	47	-1
sector	26	50		162	163	184	183		46	40	48	-1
sector	28	51		163	164	185	184		47	41	49	-1
sector	30	52		164	165	186	185		48	42	50	-1
sector	32	53		165	166	187	186		49	43	51	-1
sector	36	54		166	167	188	187		50	44	-1	-1
sector	40	52		34	35	68	96	110	159	158		-1	-1	-1	29	30	-1	147
sector	40	53		2	3	30	29	27	26	25	24	23	22		1	-1	82	54	74	57	73	56	72	55
sector	50	54		29	30	48	47		74	53	-1	59
sector	50	54		22	23	44	43		-1	53	72	58
sector	46	47		24	25	45		72	53	73
sector	46	47		26	27	46		73	53	74
sector	51	55		43	44	76		-1	55	76
sector	51	55		47	48	77		76	54	-1
sector	52	56		77	107	106		75	-1	-1
sector	52	56		76	105	104		-1	75	-1
sector	53	57		105	119	118		-1	77	-1
sector	53	57		106	121	120		77	-1	-1
sector	54	58		119	132	131		-1	78	-1
sector	54	58		120	134	133		78	-1	-1
sector	53	57		132	169	168		-1	79	-1
sector	52	56		169	192	191		-1	80	-1
sector	53	57		133	171	170		79	-1	-1
sector	52	56		170	194	193		80	-1	-1
sector	51	55		193	211	210		81	-1	-1
sector	51	55		192	209	208		-1	81	-1
sector	41	55		23	24	45	44		55	53	56	76
sector	41	55		25	26	46	45		56	53	57	76
sector	41	55		27	29	47	46		57	53	54	76
sector	43	57		76	77	106	105		61	76	60	77
sector	42	56		44	45	46	47	77	76		58	72	73	74	59	75
sector	44	58		105	106	120	119		62	75	63	78
sector	45	59		119	120	133	132		64	77	65	79
sector	44	58		132	133	170	169		66	78	68	80
sector	43	57		169	170	193	192		67	79	69	81
sector	42	56		192	193	210	209		71	80	70	146
sector	42	58		3	4	33	32	31	30		53	-1	-1	-1	83	-1
sector	44	58		31	32	50	49		-1	82	-1	84
sector	44	58		49	50	80	79		85	83	86	94
sector	30	58		48	49	79	78		-1	-1	84	94
sector	42	58		50	51	81	80		84	-1	87	94
sector	40	58		51	52	82	81		86	-1	88	94
sector	38	58		52	53	83	82		87	-1	89	94
sector	36	58		53	54	84	83		88	-1	90	94
sector	34	58		54	55	85	84		89	-1	91	94
sector	32	58		55	56	86	85		90	-1	92	94
sector	30	58		56	57	87	86		91	-1	93	94
sector	36	58		57	58	87		92	-1	-1
sector	26	58		78	79	80	81	82	83	84	85	86	87	143	142	141	140	139	138	137	136	135		-1	85	84	86	87	88	89	90	91	92	-1	101	99	98	97	96	111	95	105
sector	44	57		136	137	237	236		105	94	111	125
sector	28	52		138	139	175	174		111	94	97	113
sector	30	51		139	140	176	175		96	94	98	114
sector	32	50		140	141	177	176		97	94	99	115
sector	34	58		141	142	178	177		98	94	101	116
sector	42	56		143	180	179		101	-1	102
sector	38	57		142	143	179	178		99	94	100	116
sector	42	54		179	180	202		116	100	-1
sector	42	54		135	173	172		-1	105	104
sector	42	56		172	173	197		-1	103	106
sector	28	56		135	136	236	173		103	94	95	110
sector	30	58		173	217	216	197		104	110	109	108
sector	34	56		216	235	234		108	109	124
sector	32	58		197	216	234		-1	106	107
sector	38	58		216	217	235		107	106	110
sector	30	58		173	236	235	217		106	105	124	109
sector	22	56		137	138	174	198	218	238	237		95	94	96	113	112	117	127
sector	28	58		198	199	219	218		111	113	118	117
sector	30	58		174	175	199	198		111	96	114	112
sector	32	58		175	176	200	199		113	97	115	118
sector	34	58		176	177	201	200		114	98	116	118
sector	36	58		177	178	179	202	201		115	99	101	102	118
sector	26	58		218	219	220	239	238		111	112	118	-1	128
sector	30	58		199	200	201	202	220	219		112	114	115	116	-1	117
sector	36	58		234	263	270		123	124	121
sector	34	58		263	271	290		121	124	133
sector	42	58		263	290	270		119	120	122
sector	48	58		270	290	289		123	121	131
sector	44	54		234	270	289		-1	119	122
sector	32	56		234	235	236	271	263		119	107	110	125	120
sector	26	58		236	237	264	272	271		124	95	127	126	133
sector	46	58		264	265	273	272		125	127	130	133
sector	30	58		237	238	265	264		125	111	129	126
sector	34	54		238	239	250		129	117	-1
sector	32	58		238	250	265		127	128	130
sector	36	58		250	266	273	265		129	-1	132	126
sector	40	58		289	290	298	297		-1	122	133	135
sector	36	58		266	274	273		130	-1	133
sector	34	56		271	272	273	274	298	290		120	125	126	132	134	131
sector	32	55		274	299	298		133	-1	137
sector	34	56		297	298	336		-1	131	136
sector	32	55		298	322	337	336		135	137	138	142
sector	28	54		298	299	311	327	326	325	324	323	322		136	134	-1	-1	143	141	140	139	138
sector	34	58		322	323	338	337		136	137	139	142
sector	36	58		323	324	339	338		138	137	140	142
sector	38	58		324	325	339		139	137	141
sector	40	58		325	326	340	339		140	137	143	142
sector	42	57		336	337	338	339	340	348	347		-1	136	138	139	141	143	144
sector	36	55		326	327	377	376	367	348	340		141	137	-1	-1	145	144	142
sector	32	55		347	348	367	366		-1	142	143	145
sector	38	54		366	367	376	375		-1	144	143	-1
sector	41	52		209	210	286	285		-1	81	-1	158
sector	38	49		158	159	241	240		-1	52	-1	148
sector	37	47		240	241	242	254	253	252	251		-1	147	-1	151	-1	149	-1
sector	36	48		252	253	293	292	282		-1	148	-1	160	150
sector	35	47		281	282	292	291		-1	-1	149	-1
sector	38	48		228	229	255	254	242		-1	152	-1	159	148
sector	37	47		203	204	229	228	227		-1	-1	153	151	-1
sector	36	47		204	205	206	231	230	229		152	-1	154	155	156	-1
sector	35	46		189	190	206	205		-1	-1	-1	153
sector	35	46		206	207	232	231		153	-1	-1	-1
sector	35	46		230	231	246	245		-1	153	-1	157
sector	34	45		244	245	246	247	257	256		-1	-1	156	-1	-1	-1
sector	40	50		283	284	285	286	295	294		-1	159	-1	146	-1	-1
sector	39	49		254	255	284	283		-1	151	-1	158
sector	34	45		292	293	302	319	318		-1	149	-1	-1	161
sector	33	44		318	319	341	354	353		-1	160	-1	162	-1
sector	32	42		341	342	356	355	354		161	-1	-1	163	-1
sector	31	40		355	356	389	388	370		-1	162	-1	-1	164
sector	30	38		368	369	370	388	387		-1	165	-1	163	-1
sector	29	37		300	301	369	368		-1	-1	-1	164

player	31	4	1	84

map	maps/10