vertex	0	0	1	2	3	4	5	6	7	8	9	10	11	12	13	14	15	16	17	18	19	20	21	22	23	24	25	26	27	28	29	30
vertex	1	0	1	2	3	4	5	6	7	8	9	10	11	12	13	14	15	16	17	18	19	20	21	22	23	24	25	26	27	28	29	30
vertex	2	0	1	2	3	4	5	6	7	8	9	10	11	12	13	14	15	16	17	18	19	20	21	22	23	24	25	26	27	28	29	30
vertex	3	0	1	2	3	4	5	6	7	8	9	10	11	12	13	14	15	16	17	18	19	20	21	22	23	24	25	26	27	28	29	30
vertex	4	0	1	2	3	4	5	6	7	8	9	10	11	12	13	14	15	16	17	18	19	20	21	22	23	24	25	26	27	28	29	30
vertex	5	0	1	2	3	4	5	6	7	8	9	10	11	12	13	14	15	16	17	18	19	20	21	22	23	24	25	26	27	28	29	30
vertex	6	0	1	2	3	4	5	6	7	8	9	10	11	12	13	14	15	16	17	18	19	20	21	22	23	24	25	26	27	28	29	30
vertex	7	0	1	2	3	4	5	6	7	8	9	10	11	12	13	14	15	16	17	18	19	20	21	22	23	24	25	26	27	28	29	30
vertex	8	0	1	2	3	4	5	6	7	8	9	10	11	12	13	14	15	16	17	18	19	20	21	22	23	24	25	26	27	28	29	30
vertex	9	0	1	2	3	4	5	6	7	8	9	10	11	12	13	14	15	16	17	18	19	20	21	22	23	24	25	26	27	28	29	30
vertex	10	0	1	2	3	4	5	6	7	8	9	10	11	12	13	14	15	16	17	18	19	20	21	22	23	24	25	26	27	28	29	30
vertex	11	0	1	2	3	4	5	6	7	8	9	10	11	12	13	14	15	16	17	18	19	20	21	22	23	24	25	26	27	28	29	30
vertex	12	0	1	2	3	4	5	6	7	8	9	10	11	12	13	14	15	16	17	18	19	20	21	22	23	24	25	26	27	28	29	30
vertex	13	0	1	2	3	4	5	6	7	8	9	10	11	12	13	14	15	16	17	18	19	20	21	22	23	24	25	26	27	28	29	30
vertex	14	0	1	2	3	4	5	6	7	8	9	10	11	12	13	14	15	16	17	18	19	20	21	22	23	24	25	26	27	28	29	30
vertex	15	0	1	2	3	4	5	6	7	8	9	10	11	12	13	14	15	16	17	18	19	20	21	22	23	24	25	26	27	28	29	30
vertex	16	0	1	2	3	4	5	6	7	8	9	10	11	12	13	14	15	16	17	18	19	20	21	22	23	24	25	26	27	28	29	30
vertex	17	0	1	2	3	4	5	6	7	8	9	10	11	12	13	14	15	16	17	18	19	20	21	22	23	24	25	26	27	28	29	30
vertex	18	0	1	2	3	4	5	6	7	8	9	10	11	12	13	14	15	16	17	18	19	20	21	22	23	24	25	26	27	28	29	30
vertex	19	0	1	2	3	4	5	6	7	8	9	10	11	12	13	14	15	16	17	18	19	20	21	22	23	24	25	26	27	28	29	30
vertex	20	0	1	2	3	4	5	6	7	8	9	10	11	12	13	14	15	16	17	18	19	20	21	22	23	24	25	26	27	28	29	30
vertex	21	0	1	2	3	4	5	6	7	8	9	10	11	12	13	14	15	16	17	18	19	20	21	22	23	24	25	26	27	28	29	30
vertex	22	0	1	2	3	4	5	6	7	8	9	10	11	12	13	14	15	16	17	18	19	20	21	22	23	24	25	26	27	28	29	30
vertex	23	0	1	2	3	4	5	6	7	8	9	10	11	12	13	14	15	16	17	18	19	20	21	22	23	24	25	26	27	28	29	30
vertex	24	0	1	2	3	4	5	6	7	8	9	10	11	12	13	14	15	16	17	18	19	20	21	22	23	24	25	26	27	28	29	30
vertex	25	0	1	2	3	4	5	6	7	8	9	10	11	12	13	14	15	16	17	18	19	20	21	22	23	24	25	26	27	28	29	30
vertex	26	0	1	2	3	4	5	6	7	8	9	10	11	12	13	14	15	16	17	18	19	20	21	22	23	24	25	26	27	28	29	30
vertex	27	0	1	2	3	4	5	6	7	8	9	10	11	12	13	14	15	16	17	18	19	20	21	22	23	24	25	26	27	28	29	30
vertex	28	0	1	2	3	4	5	6	7	8	9	10	11	12	13	14	15	16	17	18	19	20	21	22	23	24	25	26	27	28	29	30
vertex	29	0	1	2	3	4	5	6	7	8	9	10	11	12	13	14	15	16	17	18	19	20	21	22	23	24	25	26	27	28	29	30
vertex	30	0	1	2	3	4	5	6	7	8	9	10	11	12	13	14	15	16	17	18	19	20	21	22	23	24	25	26	27	28	29	30
vertex	31	4

sector	0	28		0	1	31		-1	-1	1
sector	0	28		1	32	31		0	60	2
sector	0	28		31	32	62		-1	1	3
sector	0	28		32	63	62		2	62	4
sector	0	28		62	63	93		-1	3	5
sector	0	28		63	94	93		4	64	6
sector	0	28		93	94	124		-1	5	7
sector	0	28		94	125	124		6	66	8
sector	0	28		124	125	155		-1	7	9
sector	0	28		125	156	155		8	68	10
sector	0	28		155	156	186		-1	9	11
sector	0	28		156	187	186		10	70	12
sector	0	28		186	187	217		-1	11	13
sector	0	28		187	218	217		12	72	14
sector	0	28		217	218	248		-1	13	15
sector	0	28		218	249	248		14	74	16
sector	0	28		248	249	279		-1	15	17
sector	0	28		249	280	279		16	76	18
sector	0	28		279	280	310		-1	17	19
sector	0	28		280	311	310		18	78	20
sector	0	28		310	311	341		-1	19	21
sector	0	28		311	342	341		20	80	22
sector	0	28		341	342	372		-1	21	23
sector	0	28		342	373	372		22	82	24
sector	0	28		372	373	403		-1	23	25
sector	0	28		373	404	403		24	84	26
sector	0	28		403	404	434		-1	25	27
sector	0	28		404	435	434		26	86	28
sector	0	28		434	435	465		-1	27	29
sector	0	28		435	466	465		28	88	30
sector	0	28		465	466	496		-1	29	31
sector	0	28		466	497	496		30	90	32
sector	0	28		496	497	527		-1	31	33
sector	0	28		497	528	527		32	92	34
sector	0	28		527	528	558		-1	33	35
sector	0	28		528	559	558		34	94	36
sector	0	28		558	559	589		-1	35	37
sector	0	28		559	590	589		36	96	38
sector	0	28		589	590	620		-1	37	39
sector	0	28		590	621	620		38	98	40
sector	0	28		620	621	651		-1	39	41
sector	0	28		621	652	651		40	100	42
sector	0	28		651	652	682		-1	41	43
sector	0	28		652	683	682		42	102	44
sector	0	28		682	683	713		-1	43	45
sector	0	28		683	714	713		44	104	46
sector	0	28		713	714	744		-1	45	47
sector	0	28		714	745	744		46	106	48
sector	0	28		744	745	775		-1	47	49
sector	0	28		745	776	775		48	108	50
sector	0	28		775	776	806		-1	49	51
sector	0	28		776	807	806		50	110	52
sector	0	28		806	807	837		-1	51	53
sector	0	28		807	838	837		52	112	54
sector	0	28		837	838	868		-1	53	55
sector	0	28		838	869	868		54	114	56
sector	0	28		868	869	899		-1	55	57
sector	0	28		869	900	899		56	116	58
sector	0	28		899	900	930		-1	57	59
sector	0	28		900	931	930		58	118	-1
sector	0	28		1	2	32		1	-1	61
sector	0	28		2	33	32		60	120	62
sector	0	28		32	33	63		3	61	63
sector	0	28		33	64	63		62	122	64
sector	0	28		63	64	94		5	63	65
sector	0	28		64	95	94		64	124	66
sector	0	28		94	95	125		7	65	67
sector	0	28		95	126	125		66	126	68
sector	0	28		125	126	156		9	67	69
sector	0	28		126	157	156		68	128	70
sector	0	28		156	157	187		11	69	71
sector	0	28		157	188	187		70	130	72
sector	0	28		187	188	218		13	71	73
sector	0	28		188	219	218		72	132	74
sector	0	28		218	219	249		15	73	75
sector	0	28		219	250	249		74	134	76
sector	0	28		249	250	280		17	75	77
sector	0	28		250	281	280		76	136	78
sector	0	28		280	281	311		19	77	79
sector	0	28		281	312	311		78	138	80
sector	0	28		311	312	342		21	79	81
sector	0	28		312	343	342		80	140	82
sector	0	28		342	343	373		23	81	83
sector	0	28		343	374	373		82	142	84
sector	0	28		373	374	404		25	83	85
sector	0	28		374	405	404		84	144	86
sector	0	28		404	405	435		27	85	87
sector	0	28		405	436	435		86	146	88
sector	0	28		435	436	466		29	87	89
sector	0	28		436	467	466		88	148	90
sector	0	28		466	467	497		31	89	91
sector	0	28		467	498	497		90	150	92
sector	0	28		497	498	528		33	91	93
sector	0	28		498	529	528		92	152	94
sector	0	28		528	529	559		35	93	95
sector	0	28		529	560	559		94	154	96
sector	0	28		559	560	590		37	95	97
sector	0	28		560	591	590		96	156	98
sector	0	28		590	591	621		39	97	99
sector	0	28		591	622	621		98	158	100
sector	0	28		621	622	652		41	99	101
sector	0	28		622	653	652		100	160	102
sector	0	28		652	653	683		43	101	103
sector	0	28		653	684	683		102	162	104
sector	0	28		683	684	714		45	103	105
sector	0	28		684	715	714		104	164	106
sector	0	28		714	715	745		47	105	107
sector	0	28		715	746	745		106	166	108
sector	0	28		745	746	776		49	107	109
sector	0	28		746	777	776		108	168	110
sector	0	28		776	777	807		51	109	111
sector	0	28		777	808	807		110	170	112
sector	0	28		807	808	838		53	111	113
sector	0	28		808	839	838		112	172	114
sector	0	28		838	839	869		55	113	115
sector	0	28		839	870	869		114	174	116
sector	0	28		869	870	900		57	115	117
sector	0	28		870	901	900		116	176	118
sector	0	28		900	901	931		59	117	119
sector	0	28		901	932	931		118	178	-1
sector	0	28		2	3	33		61	-1	121
sector	0	28		3	34	33		120	180	122
sector	0	28		33	34	64		63	121	123
sector	0	28		34	65	64		122	182	124
sector	0	28		64	65	95		65	123	125
sector	0	28		65	96	95		124	184	126
sector	0	28		95	96	126		67	125	127
sector	0	28		96	127	126		126	186	128
sector	0	28		126	127	157		69	127	129
sector	0	28		127	158	157		128	188	130
sector	0	28		157	158	188		71	129	131
sector	0	28		158	189	188		130	190	132
sector	0	28		188	189	219		73	131	133
sector	0	28		189	220	219		132	192	134
sector	0	28		219	220	250		75	133	135
sector	0	28		220	251	250		134	194	136
sector	0	28		250	251	281		77	135	137
sector	0	28		251	282	281		136	196	138
sector	0	28		281	282	312		79	137	139
sector	0	28		282	313	312		138	198	140
sector	0	28		312	313	343		81	139	141
sector	0	28		313	344	343		140	200	142
sector	0	28		343	344	374		83	141	143
sector	0	28		344	375	374		142	202	144
sector	0	28		374	375	405		85	143	145
sector	0	28		375	406	405		144	204	146
sector	0	28		405	406	436		87	145	147
sector	0	28		406	437	436		146	206	148
sector	0	28		436	437	467		89	147	149
sector	0	28		437	468	467		148	208	150
sector	0	28		467	468	498		91	149	151
sector	0	28		468	499	498		150	210	152
sector	0	28		498	499	529		93	151	153
sector	0	28		499	530	529		152	212	154
sector	0	28		529	530	560		95	153	155
sector	0	28		530	561	560		154	214	156
sector	0	28		560	561	591		97	155	157
sector	0	28		561	592	591		156	216	158
sector	0	28		591	592	622		99	157	159
sector	0	28		592	623	622		158	218	160
sector	0	28		622	623	653		101	159	161
sector	0	28		623	654	653		160	220	162
sector	0	28		653	654	684		103	161	163
sector	0	28		654	685	684		162	222	164
sector	0	28		684	685	715		105	163	165
sector	0	28		685	716	715		164	224	166
sector	0	28		715	716	746		107	165	167
sector	0	28		716	747	746		166	226	168
sector	0	28		746	747	777		109	167	169
sector	0	28		747	778	777		168	228	170
sector	0	28		777	778	808		111	169	171
sector	0	28		778	809	808		170	230	172
sector	0	28		808	809	839		113	171	173
sector	0	28		809	840	839		172	232	174
sector	0	28		839	840	870		115	173	175
sector	0	28		840	871	870		174	234	176
sector	0	28		870	871	901		117	175	177
sector	0	28		871	902	901		176	236	178
sector	0	28		901	902	932		119	177	179
sector	0	28		902	933	932		178	238	-1
sector	0	28		3	4	34		121	-1	181
sector	0	28		4	35	34		180	240	182
sector	0	28		34	35	65		123	181	183
sector	0	28		35	66	65		182	242	184
sector	0	28		65	66	96		125	183	185
sector	0	28		66	97	96		184	244	186
sector	0	28		96	97	127		127	185	187
sector	0	28		97	128	127		186	246	188
sector	0	28		127	128	158		129	187	189
sector	0	28		128	159	158		188	248	190
sector	0	28		158	159	189		131	189	191
sector	0	28		159	190	189		190	250	192
sector	0	28		189	190	220		133	191	193
sector	0	28		190	221	220		192	252	194
sector	0	28		220	221	251		135	193	195
sector	0	28		221	252	251		194	254	196
sector	0	28		251	252	282		137	195	197
sector	0	28		252	283	282		196	256	198
sector	0	28		282	283	313		139	197	199
sector	0	28		283	314	313		198	258	200
sector	0	28		313	314	344		141	199	201
sector	0	28		314	345	344		200	260	202
sector	0	28		344	345	375		143	201	203
sector	0	28		345	376	375		202	262	204
sector	0	28		375	376	406		145	203	205
sector	0	28		376	407	406		204	264	206
sector	0	28		406	407	437		147	205	207
sector	0	28		407	438	437		206	266	208
sector	0	28		437	438	468		149	207	209
sector	0	28		438	469	468		208	268	210
sector	0	28		468	469	499		151	209	211
sector	0	28		469	500	499		210	270	212
sector	0	28		499	500	530		153	211	213
sector	0	28		500	531	530		212	272	214
sector	0	28		530	531	561		155	213	215
sector	0	28		531	562	561		214	274	216
sector	0	28		561	562	592		157	215	217
sector	0	28		562	593	592		216	276	218
sector	0	28		592	593	623		159	217	219
sector	0	28		593	624	623		218	278	220
sector	0	28		623	624	654		161	219	221
sector	0	28		624	655	654		220	280	222
sector	0	28		654	655	685		163	221	223
sector	0	28		655	686	685		222	282	224
sector	0	28		685	686	716		165	223	225
sector	0	28		686	717	716		224	284	226
sector	0	28		716	717	747		167	225	227
sector	0	28		717	748	747		226	286	228
sector	0	28		747	748	778		169	227	229
sector	0	28		748	779	778		228	288	230
sector	0	28		778	779	809		171	229	231
sector	0	28		779	810	809		230	290	232
sector	0	28		809	810	840		173	231	233
sector	0	28		810	841	840		232	292	234
sector	0	28		840	841	871		175	233	235
sector	0	28		841	872	871		234	294	236
sector	0	28		871	872	902		177	235	237
sector	0	28		872	903	902		236	296	238
sector	0	28		902	903	933		179	237	239
sector	0	28		903	934	933		238	298	-1
sector	0	28		4	5	35		181	-1	241
sector	0	28		5	36	35		240	300	242
sector	0	28		35	36	66		183	241	243
sector	0	28		36	67	66		242	302	244
sector	0	28		66	67	97		185	243	245
sector	0	28		67	98	97		244	304	246
sector	0	28		97	98	128		187	245	247
sector	0	28		98	129	128		246	306	248
sector	0	28		128	129	159		189	247	249
sector	0	28		129	160	159		248	308	250
sector	0	28		159	160	190		191	249	251
sector	0	28		160	191	190		250	310	252
sector	0	28		190	191	221		193	251	253
sector	0	28		191	222	221		252	312	254
sector	0	28		221	222	252		195	253	255
sector	0	28		222	253	252		254	314	256
sector	0	28		252	253	283		197	255	257
sector	0	28		253	284	283		256	316	258
sector	0	28		283	284	314		199	257	259
sector	0	28		284	315	314		258	318	260
sector	0	28		314	315	345		201	259	261
sector	0	28		315	346	345		260	320	262
sector	0	28		345	346	376		203	261	263
sector	0	28		346	377	376		262	322	264
sector	0	28		376	377	407		205	263	265
sector	0	28		377	408	407		264	324	266
sector	0	28		407	408	438		207	265	267
sector	0	28		408	439	438		266	326	268
sector	0	28		438	439	469		209	267	269
sector	0	28		439	470	469		268	328	270
sector	0	28		469	470	500		211	269	271
sector	0	28		470	501	500		270	330	272
sector	0	28		500	501	531		213	271	273
sector	0	28		501	532	531		272	332	274
sector	0	28		531	532	562		215	273	275
sector	0	28		532	563	562		274	334	276
sector	0	28		562	563	593		217	275	277
sector	0	28		563	594	593		276	336	278
sector	0	28		593	594	624		219	277	279
sector	0	28		594	625	624		278	338	280
sector	0	28		624	625	655		221	279	281
sector	0	28		625	656	655		280	340	282
sector	0	28		655	656	686		223	281	283
sector	0	28		656	687	686		282	342	284
sector	0	28		686	687	717		225	283	285
sector	0	28		687	718	717		284	344	286
sector	0	28		717	718	748		227	285	287
sector	0	28		718	749	748		286	346	288
sector	0	28		748	749	779		229	287	289
sector	0	28		749	780	779		288	348	290
sector	0	28		779	780	810		231	289	291
sector	0	28		780	811	810		290	350	292
sector	0	28		810	811	841		233	291	293
sector	0	28		811	842	841		292	352	294
sector	0	28		841	842	872		235	293	295
sector	0	28		842	873	872		294	354	296
sector	0	28		872	873	903		237	295	297
sector	0	28		873	904	903		296	356	298
sector	0	28		903	904	934		239	297	299
sector	0	28		904	935	934		298	358	-1
sector	0	28		5	6	36		241	-1	301
sector	0	28		6	37	36		300	360	302
sector	0	28		36	37	67		243	301	303
sector	0	28		37	68	67		302	362	304
sector	0	28		67	68	98		245	303	305
sector	0	28		68	99	98		304	364	306
sector	0	28		98	99	129		247	305	307
sector	0	28		99	130	129		306	366	308
sector	0	28		129	130	160		249	307	309
sector	0	28		130	161	160		308	368	310
sector	0	28		160	161	191		251	309	311
sector	0	28		161	192	191		310	370	312
sector	0	28		191	192	222		253	311	313
sector	0	28		192	223	222		312	372	314
sector	0	28		222	223	253		255	313	315
sector	0	28		223	254	253		314	374	316
sector	0	28		253	254	284		257	315	317
sector	0	28		254	285	284		316	376	318
sector	0	28		284	285	315		259	317	319
sector	0	28		285	316	315		318	378	320
sector	0	28		315	316	346		261	319	321
sector	0	28		316	347	346		320	380	322
sector	0	28		346	347	377		263	321	323
sector	0	28		347	378	377		322	382	324
sector	0	28		377	378	408		265	323	325
sector	0	28		378	409	408		324	384	326
sector	0	28		408	409	439		267	325	327
sector	0	28		409	440	439		326	386	328
sector	0	28		439	440	470		269	327	329
sector	0	28		440	471	470		328	388	330
sector	0	28		470	471	501		271	329	331
sector	0	28		471	502	501		330	390	332
sector	0	28		501	502	532		273	331	333
sector	0	28		502	533	532		332	392	334
sector	0	28		532	533	563		275	333	335
sector	0	28		533	564	563		334	394	336
sector	0	28		563	564	594		277	335	337
sector	0	28		564	595	594		336	396	338
sector	0	28		594	595	625		279	337	339
sector	0	28		595	626	625		338	398	340
sector	0	28		625	626	656		281	339	341
sector	0	28		626	657	656		340	400	342
sector	0	28		656	657	687		283	341	343
sector	0	28		657	688	687		342	402	344
sector	0	28		687	688	718		285	343	345
sector	0	28		688	719	718		344	404	346
sector	0	28		718	719	749		287	345	347
sector	0	28		719	750	749		346	406	348
sector	0	28		749	750	780		289	347	349
sector	0	28		750	781	780		348	408	350
sector	0	28		780	781	811		291	349	351
sector	0	28		781	812	811		350	410	352
sector	0	28		811	812	842		293	351	353
sector	0	28		812	843	842		352	412	354
sector	0	28		842	843	873		295	353	355
sector	0	28		843	874	873		354	414	356
sector	0	28		873	874	904		297	355	357
sector	0	28		874	905	904		356	416	358
sector	0	28		904	905	935		299	357	359
sector	0	28		905	936	935		358	418	-1
sector	0	28		6	7	37		301	-1	361
sector	0	28		7	38	37		360	420	362
sector	0	28		37	38	68		303	361	363
sector	0	28		38	69	68		362	422	364
sector	0	28		68	69	99		305	363	365
sector	0	28		69	100	99		364	424	366
sector	0	28		99	100	130		307	365	367
sector	0	28		100	131	130		366	426	368
sector	0	28		130	131	161		309	367	369
sector	0	28		131	162	161		368	428	370
sector	0	28		161	162	192		311	369	371
sector	0	28		162	193	192		370	430	372
sector	0	28		192	193	223		313	371	373
sector	0	28		193	224	223		372	432	374
sector	0	28		223	224	254		315	373	375
sector	0	28		224	255	254		374	434	376
sector	0	28		254	255	285		317	375	377
sector	0	28		255	286	285		376	436	378
sector	0	28		285	286	316		319	377	379
sector	0	28		286	317	316		378	438	380
sector	0	28		316	317	347		321	379	381
sector	0	28		317	348	347		380	440	382
sector	0	28		347	348	378		323	381	383
sector	0	28		348	379	378		382	442	384
sector	0	28		378	379	409		325	383	385
sector	0	28		379	410	409		384	444	386
sector	0	28		409	410	440		327	385	387
sector	0	28		410	441	440		386	446	388
sector	0	28		440	441	471		329	387	389
sector	0	28		441	472	471		388	448	390
sector	0	28		471	472	502		331	389	391
sector	0	28		472	503	502		390	450	392
sector	0	28		502	503	533		333	391	393
sector	0	28		503	534	533		392	452	394
sector	0	28		533	534	564		335	393	395
sector	0	28		534	565	564		394	454	396
sector	0	28		564	565	595		337	395	397
sector	0	28		565	596	595		396	456	398
sector	0	28		595	596	626		339	397	399
sector	0	28		596	627	626		398	458	400
sector	0	28		626	627	657		341	399	401
sector	0	28		627	658	657		400	460	402
sector	0	28		657	658	688		343	401	403
sector	0	28		658	689	688		402	462	404
sector	0	28		688	689	719		345	403	405
sector	0	28		689	720	719		404	464	406
sector	0	28		719	720	750		347	405	407
sector	0	28		720	751	750		406	466	408
sector	0	28		750	751	781		349	407	409
sector	0	28		751	782	781		408	468	410
sector	0	28		781	782	812		351	409	411
sector	0	28		782	813	812		410	470	412
sector	0	28		812	813	843		353	411	413
sector	0	28		813	844	843		412	472	414
sector	0	28		843	844	874		355	413	415
sector	0	28		844	875	874		414	474	416
sector	0	28		874	875	905		357	415	417
sector	0	28		875	906	905		416	476	418
sector	0	28		905	906	936		359	417	419
sector	0	28		906	937	936		418	478	-1
sector	0	28		7	8	38		361	-1	421
sector	0	28		8	39	38		420	480	422
sector	0	28		38	39	69		363	421	423
sector	0	28		39	70	69		422	482	424
sector	0	28		69	70	100		365	423	425
sector	0	28		70	101	100		424	484	426
sector	0	28		100	101	131		367	425	427
sector	0	28		101	132	131		426	486	428
sector	0	28		131	132	162		369	427	429
sector	0	28		132	163	162		428	488	430
sector	0	28		162	163	193		371	429	431
sector	0	28		163	194	193		430	490	432
sector	0	28		193	194	224		373	431	433
sector	0	28		194	225	224		432	492	434
sector	0	28		224	225	255		375	433	435
sector	0	28		225	256	255		434	494	436
sector	0	28		255	256	286		377	435	437
sector	0	28		256	287	286		436	496	438
sector	0	28		286	287	317		379	437	439
sector	0	28		287	318	317		438	498	440
sector	0	28		317	318	348		381	439	441
sector	0	28		318	349	348		440	500	442
sector	0	28		348	349	379		383	441	443
sector	0	28		349	380	379		442	502	444
sector	0	28		379	380	410		385	443	445
sector	0	28		380	411	410		444	504	446
sector	0	28		410	411	441		387	445	447
sector	0	28		411	442	441		446	506	448
sector	0	28		441	442	472		389	447	449
sector	0	28		442	473	472		448	508	450
sector	0	28		472	473	503		391	449	451
sector	0	28		473	504	503		450	510	452
sector	0	28		503	504	534		393	451	453
sector	0	28		504	535	534		452	512	454
sector	0	28		534	535	565		395	453	455
sector	0	28		535	566	565		454	514	456
sector	0	28		565	566	596		397	455	457
sector	0	28		566	597	596		456	516	458
sector	0	28		596	597	627		399	457	459
sector	0	28		597	628	627		458	518	460
sector	0	28		627	628	658		401	459	461
sector	0	28		628	659	658		460	520	462
sector	0	28		658	659	689		403	461	463
sector	0	28		659	690	689		462	522	464
sector	0	28		689	690	720		405	463	465
sector	0	28		690	721	720		464	524	466
sector	0	28		720	721	751		407	465	467
sector	0	28		721	752	751		466	526	468
sector	0	28		751	752	782		409	467	469
sector	0	28		752	783	782		468	528	470
sector	0	28		782	783	813		411	469	471
sector	0	28		783	814	813		470	530	472
sector	0	28		813	814	844		413	471	473
sector	0	28		814	845	844		472	532	474
sector	0	28		844	845	875		415	473	475
sector	0	28		845	876	875		474	534	476
sector	0	28		875	876	906		417	475	477
sector	0	28		876	907	906		476	536	478
sector	0	28		906	907	937		419	477	479
sector	0	28		907	938	937		478	538	-1
sector	0	28		8	9	39		421	-1	481
sector	0	28		9	40	39		480	540	482
sector	0	28		39	40	70		423	481	483
sector	0	28		40	71	70		482	542	484
sector	0	28		70	71	101		425	483	485
sector	0	28		71	102	101		484	544	486
sector	0	28		101	102	132		427	485	487
sector	0	28		102	133	132		486	546	488
sector	0	28		132	133	163		429	487	489
sector	0	28		133	164	163		488	548	490
sector	0	28		163	164	194		431	489	491
sector	0	28		164	195	194		490	550	492
sector	0	28		194	195	225		433	491	493
sector	0	28		195	226	225		492	552	494
sector	0	28		225	226	256		435	493	495
sector	0	28		226	257	256		494	554	496
sector	0	28		256	257	287		437	495	497
sector	0	28		257	288	287		496	556	498
sector	0	28		287	288	318		439	497	499
sector	0	28		288	319	318		498	558	500
sector	0	28		318	319	349		441	499	501
sector	0	28		319	350	349		500	560	502
sector	0	28		349	350	380		443	501	503
sector	0	28		350	381	380		502	562	504
sector	0	28		380	381	411		445	503	505
sector	0	28		381	412	411		504	564	506
sector	0	28		411	412	442		447	505	507
sector	0	28		412	443	442		506	566	508
sector	0	28		442	443	473		449	507	509
sector	0	28		443	474	473		508	568	510
sector	0	28		473	474	504		451	509	511
sector	0	28		474	505	504		510	570	512
sector	0	28		504	505	535		453	511	513
sector	0	28		505	536	535		512	572	514
sector	0	28		535	536	566		455	513	515
sector	0	28		536	567	566		514	574	516
sector	0	28		566	567	597		457	515	517
sector	0	28		567	598	597		516	576	518
sector	0	28		597	598	628		459	517	519
sector	0	28		598	629	628		518	578	520
sector	0	28		628	629	659		461	519	521
sector	0	28		629	660	659		520	580	522
sector	0	28		659	660	690		463	521	523
sector	0	28		660	691	690		522	582	524
sector	0	28		690	691	721		465	523	525
sector	0	28		691	722	721		524	584	526
sector	0	28		721	722	752		467	525	527
sector	0	28		722	753	752		526	586	528
sector	0	28		752	753	783		469	527	529
sector	0	28		753	784	783		528	588	530
sector	0	28		783	784	814		471	529	531
sector	0	28		784	815	814		530	590	532
sector	0	28		814	815	845		473	531	533
sector	0	28		815	846	845		532	592	534
sector	0	28		845	846	876		475	533	535
sector	0	28		846	877	876		534	594	536
sector	0	28		876	877	907		477	535	537
sector	0	28		877	908	907		536	596	538
sector	0	28		907	908	938		479	537	539
sector	0	28		908	939	938		538	598	-1
sector	0	28		9	10	40		481	-1	541
sector	0	28		10	41	40		540	600	542
sector	0	28		40	41	71		483	541	543
sector	0	28		41	72	71		542	602	544
sector	0	28		71	72	102		485	543	545
sector	0	28		72	103	102		544	604	546
sector	0	28		102	103	133		487	545	547
sector	0	28		103	134	133		546	606	548
sector	0	28		133	134	164		489	547	549
sector	0	28		134	165	164		548	608	550
sector	0	28		164	165	195		491	549	551
sector	0	28		165	196	195		550	610	552
sector	0	28		195	196	226		493	551	553
sector	0	28		196	227	226		552	612	554
sector	0	28		226	227	257		495	553	555
sector	0	28		227	258	257		554	614	556
sector	0	28		257	258	288		497	555	557
sector	0	28		258	289	288		556	616	558
sector	0	28		288	289	319		499	557	559
sector	0	28		289	320	319		558	618	560
sector	0	28		319	320	350		501	559	561
sector	0	28		320	351	350		560	620	562
sector	0	28		350	351	381		503	561	563
sector	0	28		351	382	381		562	622	564
sector	0	28		381	382	412		505	563	565
sector	0	28		382	413	412		564	624	566
sector	0	28		412	413	443		507	565	567
sector	0	28		413	444	443		566	626	568
sector	0	28		443	444	474		509	567	569
sector	0	28		444	475	474		568	628	570
sector	0	28		474	475	505		511	569	571
sector	0	28		475	506	505		570	630	572
sector	0	28		505	506	536		513	571	573
sector	0	28		506	537	536		572	632	574
sector	0	28		536	537	567		515	573	575
sector	0	28		537	568	567		574	634	576
sector	0	28		567	568	598		517	575	577
sector	0	28		568	599	598		576	636	578
sector	0	28		598	599	629		519	577	579
sector	0	28		599	630	629		578	638	580
sector	0	28		629	630	660		521	579	581
sector	0	28		630	661	660		580	640	582
sector	0	28		660	661	691		523	581	583
sector	0	28		661	692	691		582	642	584
sector	0	28		691	692	722		525	583	585
sector	0	28		692	723	722		584	644	586
sector	0	28		722	723	753		527	585	587
sector	0	28		723	754	753		586	646	588
sector	0	28		753	754	784		529	587	589
sector	0	28		754	785	784		588	648	590
sector	0	28		784	785	815		531	589	591
sector	0	28		785	816	815		590	650	592
sector	0	28		815	816	846		533	591	593
sector	0	28		816	847	846		592	652	594
sector	0	28		846	847	877		535	593	595
sector	0	28		847	878	877		594	654	596
sector	0	28		877	878	908		537	595	597
sector	0	28		878	909	908		596	656	598
sector	0	28		908	909	939		539	597	599
sector	0	28		909	940	939		598	658	-1
sector	0	28		10	11	41		541	-1	601
sector	0	28		11	42	41		600	660	602
sector	0	28		41	42	72		543	601	603
sector	0	28		42	73	72		602	662	604
sector	0	28		72	73	103		545	603	605
sector	0	28		73	104	103		604	664	606
sector	0	28		103	104	134		547	605	607
sector	0	28		104	135	134		606	666	608
sector	0	28		134	135	165		549	607	609
sector	0	28		135	166	165		608	668	610
sector	0	28		165	166	196		551	609	611
sector	0	28		166	197	196		610	670	612
sector	0	28		196	197	227		553	611	613
sector	0	28		197	228	227		612	672	614
sector	0	28		227	228	258		555	613	615
sector	0	28		228	259	258		614	674	616
sector	0	28		258	259	289		557	615	617
sector	0	28		259	290	289		616	676	618
sector	0	28		289	290	320		559	617	619
sector	0	28		290	321	320		618	678	620
sector	0	28		320	321	351		561	619	621
sector	0	28		321	352	351		620	680	622
sector	0	28		351	352	382		563	621	623
sector	0	28		352	383	382		622	682	624
sector	0	28		382	383	413		565	623	625
sector	0	28		383	414	413		624	684	626
sector	0	28		413	414	444		567	625	627
sector	0	28		414	445	444		626	686	628
sector	0	28		444	445	475		569	627	629
sector	0	28		445	476	475		628	688	630
sector	0	28		475	476	506		571	629	631
sector	0	28		476	507	506		630	690	632
sector	0	28		506	507	537		573	631	633
sector	0	28		507	538	537		632	692	634
sector	0	28		537	538	568		575	633	635
sector	0	28		538	569	568		634	694	636
sector	0	28		568	569	599		577	635	637
sector	0	28		569	600	599		636	696	638
sector	0	28		599	600	630		579	637	639
sector	0	28		600	631	630		638	698	640
sector	0	28		630	631	661		581	639	641
sector	0	28		631	662	661		640	700	642
sector	0	28		661	662	692		583	641	643
sector	0	28		662	693	692		642	702	644
sector	0	28		692	693	723		585	643	645
sector	0	28		693	724	723		644	704	646
sector	0	28		723	724	754		587	645	647
sector	0	28		724	755	754		646	706	648
sector	0	28		754	755	785		589	647	649
sector	0	28		755	786	785		648	708	650
sector	0	28		785	786	816		591	649	651
sector	0	28		786	817	816		650	710	652
sector	0	28		816	817	847		593	651	653
sector	0	28		817	848	847		652	712	654
sector	0	28		847	848	878		595	653	655
sector	0	28		848	879	878		654	714	656
sector	0	28		878	879	909		597	655	657
sector	0	28		879	910	909		656	716	658
sector	0	28		909	910	940		599	657	659
sector	0	28		910	941	940		658	718	-1
sector	0	28		11	12	42		601	-1	661
sector	0	28		12	43	42		660	720	662
sector	0	28		42	43	73		603	661	663
sector	0	28		43	74	73		662	722	664
sector	0	28		73	74	104		605	663	665
sector	0	28		74	105	104		664	724	666
sector	0	28		104	105	135		607	665	667
sector	0	28		105	136	135		666	726	668
sector	0	28		135	136	166		609	667	669
sector	0	28		136	167	166		668	728	670
sector	0	28		166	167	197		611	669	671
sector	0	28		167	198	197		670	730	672
sector	0	28		197	198	228		613	671	673
sector	0	28		198	229	228		672	732	674
sector	0	28		228	229	259		615	673	675
sector	0	28		229	260	259		674	734	676
sector	0	28		259	260	290		617	675	677
sector	0	28		260	291	290		676	736	678
sector	0	28		290	291	321		619	677	679
sector	0	28		291	322	321		678	738	680
sector	0	28		321	322	352		621	679	681
sector	0	28		322	353	352		680	740	682
sector	0	28		352	353	383		623	681	683
sector	0	28		353	384	383		682	742	684
sector	0	28		383	384	414		625	683	685
sector	0	28		384	415	414		684	744	686
sector	0	28		414	415	445		627	685	687
sector	0	28		415	446	445		686	746	688
sector	0	28		445	446	476		629	687	689
sector	0	28		446	477	476		688	748	690
sector	0	28		476	477	507		631	689	691
sector	0	28		477	508	507		690	750	692
sector	0	28		507	508	538		633	691	693
sector	0	28		508	539	538		692	752	694
sector	0	28		538	539	569		635	693	695
sector	0	28		539	570	569		694	754	696
sector	0	28		569	570	600		637	695	697
sector	0	28		570	601	600		696	756	698
sector	0	28		600	601	631		639	697	699
sector	0	28		601	632	631		698	758	700
sector	0	28		631	632	662		641	699	701
sector	0	28		632	663	662		700	760	702
sector	0	28		662	663	693		643	701	703
sector	0	28		663	694	693		702	762	704
sector	0	28		693	694	724		645	703	705
sector	0	28		694	725	724		704	764	706
sector	0	28		724	725	755		647	705	707
sector	0	28		725	756	755		706	766	708
sector	0	28		755	756	786		649	707	709
sector	0	28		756	787	786		708	768	710
sector	0	28		786	787	817		651	709	711
sector	0	28		787	818	817		710	770	712
sector	0	28		817	818	848		653	711	713
sector	0	28		818	849	848		712	772	714
sector	0	28		848	849	879		655	713	715
sector	0	28		849	880	879		714	774	716
sector	0	28		879	880	910		657	715	717
sector	0	28		880	911	910		716	776	718
sector	0	28		910	911	941		659	717	719
sector	0	28		911	942	941		718	778	-1
sector	0	28		12	13	43		661	-1	721
sector	0	28		13	44	43		720	780	722
sector	0	28		43	44	74		663	721	723
sector	0	28		44	75	74		722	782	724
sector	0	28		74	75	105		665	723	725
sector	0	28		75	106	105		724	784	726
sector	0	28		105	106	136		667	725	727
sector	0	28		106	137	136		726	786	728
sector	0	28		136	137	167		669	727	729
sector	0	28		137	168	167		728	788	730
sector	0	28		167	168	198		671	729	731
sector	0	28		168	199	198		730	790	732
sector	0	28		198	199	229		673	731	733
sector	0	28		199	230	229		732	792	734
sector	0	28		229	230	260		675	733	735
sector	0	28		230	261	260		734	794	736
sector	0	28		260	261	291		677	735	737
sector	0	28		261	292	291		736	796	738
sector	0	28		291	292	322		679	737	739
sector	0	28		292	323	322		738	798	740
sector	0	28		322	323	353		681	739	741
sector	0	28		323	354	353		740	800	742
sector	0	28		353	354	384		683	741	743
sector	0	28		354	385	384		742	802	744
sector	0	28		384	385	415		685	743	745
sector	0	28		385	416	415		744	804	746
sector	0	28		415	416	446		687	745	747
sector	0	28		416	447	446		746	806	748
sector	0	28		446	447	477		689	747	749
sector	0	28		447	478	477		748	808	750
sector	0	28		477	478	508		691	749	751
sector	0	28		478	509	508		750	810	752
sector	0	28		508	509	539		693	751	753
sector	0	28		509	540	539		752	812	754
sector	0	28		539	540	570		695	753	755
sector	0	28		540	571	570		754	814	756
sector	0	28		570	571	601		697	755	757
sector	0	28		571	602	601		756	816	758
sector	0	28		601	602	632		699	757	759
sector	0	28		602	633	632		758	818	760
sector	0	28		632	633	663		701	759	761
sector	0	28		633	664	663		760	820	762
sector	0	28		663	664	694		703	761	763
sector	0	28		664	695	694		762	822	764
sector	0	28		694	695	725		705	763	765
sector	0	28		695	726	725		764	824	766
sector	0	28		725	726	756		707	765	767
sector	0	28		726	757	756		766	826	768
sector	0	28		756	757	787		709	767	769
sector	0	28		757	788	787		768	828	770
sector	0	28		787	788	818		711	769	771
sector	0	28		788	819	818		770	830	772
sector	0	28		818	819	849		713	771	773
sector	0	28		819	850	849		772	832	774
sector	0	28		849	850	880		715	773	775
sector	0	28		850	881	880		774	834	776
sector	0	28		880	881	911		717	775	777
sector	0	28		881	912	911		776	836	778
sector	0	28		911	912	942		719	777	779
sector	0	28		912	943	942		778	838	-1
sector	0	28		13	14	44		721	-1	781
sector	0	28		14	45	44		780	840	782
sector	0	28		44	45	75		723	781	783
sector	0	28		45	76	75		782	842	784
sector	0	28		75	76	106		725	783	785
sector	0	28		76	107	106		784	844	786
sector	0	28		106	107	137		727	785	787
sector	0	28		107	138	137		786	846	788
sector	0	28		137	138	168		729	787	789
sector	0	28		138	169	168		788	848	790
sector	0	28		168	169	199		731	789	791
sector	0	28		169	200	199		790	850	792
sector	0	28		199	200	230		733	791	793
sector	0	28		200	231	230		792	852	794
sector	0	28		230	231	261		735	793	795
sector	0	28		231	262	261		794	854	796
sector	0	28		261	262	292		737	795	797
sector	0	28		262	293	292		796	856	798
sector	0	28		292	293	323		739	797	799
sector	0	28		293	324	323		798	858	800
sector	0	28		323	324	354		741	799	801
sector	0	28		324	355	354		800	860	802
sector	0	28		354	355	385		743	801	803
sector	0	28		355	386	385		802	862	804
sector	0	28		385	386	416		745	803	805
sector	0	28		386	417	416		804	864	806
sector	0	28		416	417	447		747	805	807
sector	0	28		417	448	447		806	866	808
sector	0	28		447	448	478		749	807	809
sector	0	28		448	479	478		808	868	810
sector	0	28		478	479	509		751	809	811
sector	0	28		479	510	509		810	870	812
sector	0	28		509	510	540		753	811	813
sector	0	28		510	541	540		812	872	814
sector	0	28		540	541	571		755	813	815
sector	0	28		541	572	571		814	874	816
sector	0	28		571	572	602		757	815	817
sector	0	28		572	603	602		816	876	818
sector	0	28		602	603	633		759	817	819
sector	0	28		603	634	633		818	878	820
sector	0	28		633	634	664		761	819	821
sector	0	28		634	665	664		820	880	822
sector	0	28		664	665	695		763	821	823
sector	0	28		665	696	695		822	882	824
sector	0	28		695	696	726		765	823	825
sector	0	28		696	727	726		824	884	826
sector	0	28		726	727	757		767	825	827
sector	0	28		727	758	757		826	886	828
sector	0	28		757	758	788		769	827	829
sector	0	28		758	789	788		828	888	830
sector	0	28		788	789	819		771	829	831
sector	0	28		789	820	819		830	890	832
sector	0	28		819	820	850		773	831	833
sector	0	28		820	851	850		832	892	834
sector	0	28		850	851	881		775	833	835
sector	0	28		851	882	881		834	894	836
sector	0	28		881	882	912		777	835	837
sector	0	28		882	913	912		836	896	838
sector	0	28		912	913	943		779	837	839
sector	0	28		913	944	943		838	898	-1
sector	0	28		14	15	45		781	-1	841
sector	0	28		15	46	45		840	900	842
sector	0	28		45	46	76		783	841	843
sector	0	28		46	77	76		842	902	844
sector	0	28		76	77	107		785	843	845
sector	0	28		77	108	107		844	904	846
sector	0	28		107	108	138		787	845	847
sector	0	28		108	139	138		846	906	848
sector	0	28		138	139	169		789	847	849
sector	0	28		139	170	169		848	908	850
sector	0	28		169	170	200		791	849	851
sector	0	28		170	201	200		850	910	852
sector	0	28		200	201	231		793	851	853
sector	0	28		201	232	231		852	912	854
sector	0	28		231	232	262		795	853	855
sector	0	28		232	263	262		854	914	856
sector	0	28		262	263	293		797	855	857
sector	0	28		263	294	293		856	916	858
sector	0	28		293	294	324		799	857	859
sector	0	28		294	325	324		858	918	860
sector	0	28		324	325	355		801	859	861
sector	0	28		325	356	355		860	920	862
sector	0	28		355	356	386		803	861	863
sector	0	28		356	387	386		862	922	864
sector	0	28		386	387	417		805	863	865
sector	0	28		387	418	417		864	924	866
sector	0	28		417	418	448		807	865	867
sector	0	28		418	449	448		866	926	868
sector	0	28		448	449	479		809	867	869
sector	0	28		449	480	479		868	928	870
sector	0	28		479	480	510		811	869	871
sector	0	28		480	511	510		870	930	872
sector	0	28		510	511	541		813	871	873
sector	0	28		511	542	541		872	932	874
sector	0	28		541	542	572		815	873	875
sector	0	28		542	573	572		874	934	876
sector	0	28		572	573	603		817	875	877
sector	0	28		573	604	603		876	936	878
sector	0	28		603	604	634		819	877	879
sector	0	28		604	635	634		878	938	880
sector	0	28		634	635	665		821	879	881
sector	0	28		635	666	665		880	940	882
sector	0	28		665	666	696		823	881	883
sector	0	28		666	697	696		882	942	884
sector	0	28		696	697	727		825	883	885
sector	0	28		697	728	727		884	944	886
sector	0	28		727	728	758		827	885	887
sector	0	28		728	759	758		886	946	888
sector	0	28		758	759	789		829	887	889
sector	0	28		759	790	789		888	948	890
sector	0	28		789	790	820		831	889	891
sector	0	28		790	821	820		890	950	892
sector	0	28		820	821	851		833	891	893
sector	0	28		821	852	851		892	952	894
sector	0	28		851	852	882		835	893	895
sector	0	28		852	883	882		894	954	896
sector	0	28		882	883	913		837	895	897
sector	0	28		883	914	913		896	956	898
sector	0	28		913	914	944		839	897	899
sector	0	28		914	945	944		898	958	-1
sector	0	28		15	16	46		841	-1	901
sector	0	28		16	47	46		900	960	902
sector	0	28		46	47	77		843	901	903
sector	0	28		47	78	77		902	962	904
sector	0	28		77	78	108		845	903	905
sector	0	28		78	109	108		904	964	906
sector	0	28		108	109	139		847	905	907
sector	0	28		109	140	139		906	966	908
sector	0	28		139	140	170		849	907	909
sector	0	28		140	171	170		908	968	910
sector	0	28		170	171	201		851	909	911
sector	0	28		171	202	201		910	970	912
sector	0	28		201	202	232		853	911	913
sector	0	28		202	233	232		912	972	914
sector	0	28		232	233	263		855	913	915
sector	0	28		233	264	263		914	974	916
sector	0	28		263	264	294		857	915	917
sector	0	28		264	295	294		916	976	918
sector	0	28		294	295	325		859	917	919
sector	0	28		295	326	325		918	978	920
sector	0	28		325	326	356		861	919	921
sector	0	28		326	357	356		920	980	922
sector	0	28		356	357	387		863	921	923
sector	0	28		357	388	387		922	982	924
sector	0	28		387	388	418		865	923	925
sector	0	28		388	419	418		924	984	926
sector	0	28		418	419	449		867	925	927
sector	0	28		419	450	449		926	986	928
sector	0	28		449	450	480		869	927	929
sector	0	28		450	481	480		928	988	930
sector	0	28		480	481	511		871	929	931
sector	0	28		481	512	511		930	990	932
sector	0	28		511	512	542		873	931	933
sector	0	28		512	543	542		932	992	934
sector	0	28		542	543	573		875	933	935
sector	0	28		543	574	573		934	994	936
sector	0	28		573	574	604		877	935	937
sector	0	28		574	605	604		936	996	938
sector	0	28		604	605	635		879	937	939
sector	0	28		605	636	635		938	998	940
sector	0	28		635	636	666		881	939	941
sector	0	28		636	667	666		940	1000	942
sector	0	28		666	667	697		883	941	943
sector	0	28		667	698	697		942	1002	944
sector	0	28		697	698	728		885	943	945
sector	0	28		698	729	728		944	1004	946
sector	0	28		728	729	759		887	945	947
sector	0	28		729	760	759		946	1006	948
sector	0	28		759	760	790		889	947	949
sector	0	28		760	791	790		948	1008	950
sector	0	28		790	791	821		891	949	951
sector	0	28		791	822	821		950	1010	952
sector	0	28		821	822	852		893	951	953
sector	0	28		822	853	852		952	1012	954
sector	0	28		852	853	883		895	953	955
sector	0	28		853	884	883		954	1014	956
sector	0	28		883	884	914		897	955	957
sector	0	28		884	915	914		956	1016	958
sector	0	28		914	915	945		899	957	959
sector	0	28		915	946	945		958	1018	-1
sector	0	28		16	17	47		901	-1	961
sector	0	28		17	48	47		960	1020	962
sector	0	28		47	48	78		903	961	963
sector	0	28		48	79	78		962	1022	964
sector	0	28		78	79	109		905	963	965
sector	0	28		79	110	109		964	1024	966
sector	0	28		109	110	140		907	965	967
sector	0	28		110	141	140		966	1026	968
sector	0	28		140	141	171		909	967	969
sector	0	28		141	172	171		968	1028	970
sector	0	28		171	172	202		911	969	971
sector	0	28		172	203	202		970	1030	972
sector	0	28		202	203	233		913	971	973
sector	0	28		203	234	233		972	1032	974
sector	0	28		233	234	264		915	973	975
sector	0	28		234	265	264		974	1034	976
sector	0	28		264	265	295		917	975	977
sector	0	28		265	296	295		976	1036	978
sector	0	28		295	296	326		919	977	979
sector	0	28		296	327	326		978	1038	980
sector	0	28		326	327	357		921	979	981
sector	0	28		327	358	357		980	1040	982
sector	0	28		357	358	388		923	981	983
sector	0	28		358	389	388		982	1042	984
sector	0	28		388	389	419		925	983	985
sector	0	28		389	420	419		984	1044	986
sector	0	28		419	420	450		927	985	987
sector	0	28		420	451	450		986	1046	988
sector	0	28		450	451	481		929	987	989
sector	0	28		451	482	481		988	1048	990
sector	0	28		481	482	512		931	989	991
sector	0	28		482	513	512		990	1050	992
sector	0	28		512	513	543		933	991	993
sector	0	28		513	544	543		992	1052	994
sector	0	28		543	544	574		935	993	995
sector	0	28		544	575	574		994	1054	996
sector	0	28		574	575	605		937	995	997
sector	0	28		575	606	605		996	1056	998
sector	0	28		605	606	636		939	997	999
sector	0	28		606	637	636		998	1058	1000
sector	0	28		636	637	667		941	999	1001
sector	0	28		637	668	667		1000	1060	1002
sector	0	28		667	668	698		943	1001	1003
sector	0	28		668	699	698		1002	1062	1004
sector	0	28		698	699	729		945	1003	1005
sector	0	28		699	730	729		1004	1064	1006
sector	0	28		729	730	760		947	1005	1007
sector	0	28		730	761	760		1006	1066	1008
sector	0	28		760	761	791		949	1007	1009
sector	0	28		761	792	791		1008	1068	1010
sector	0	28		791	792	822		951	1009	1011
sector	0	28		792	823	822		1010	1070	1012
sector	0	28		822	823	853		953	1011	1013
sector	0	28		823	854	853		1012	1072	1014
sector	0	28		853	854	884		955	1013	1015
sector	0	28		854	885	884		1014	1074	1016
sector	0	28		884	885	915		957	1015	1017
sector	0	28		885	916	915		1016	1076	1018
sector	0	28		915	916	946		959	1017	1019
sector	0	28		916	947	946		1018	1078	-1
sector	0	28		17	18	48		961	-1	1021
sector	0	28		18	49	48		1020	1080	1022
sector	0	28		48	49	79		963	1021	1023
sector	0	28		49	80	79		1022	1082	1024
sector	0	28		79	80	110		965	1023	1025
sector	0	28		80	111	110		1024	1084	1026
sector	0	28		110	111	141		967	1025	1027
sector	0	28		111	142	141		1026	1086	1028
sector	0	28		141	142	172		969	1027	1029
sector	0	28		142	173	172		1028	1088	1030
sector	0	28		172	173	203		971	1029	1031
sector	0	28		173	204	203		1030	1090	1032
sector	0	28		203	204	234		973	1031	1033
sector	0	28		204	235	234		1032	1092	1034
sector	0	28		234	235	265		975	1033	1035
sector	0	28		235	266	265		1034	1094	1036
sector	0	28		265	266	296		977	1035	1037
sector	0	28		266	297	296		1036	1096	1038
sector	0	28		296	297	327		979	1037	1039
sector	0	28		297	328	327		1038	1098	1040
sector	0	28		327	328	358		981	1039	1041
sector	0	28		328	359	358		1040	1100	1042
sector	0	28		358	359	389		983	1041	1043
sector	0	28		359	390	389		1042	1102	1044
sector	0	28		389	390	420		985	1043	1045
sector	0	28		390	421	420		1044	1104	1046
sector	0	28		420	421	451		987	1045	1047
sector	0	28		421	452	451		1046	1106	1048
sector	0	28		451	452	482		989	1047	1049
sector	0	28		452	483	482		1048	1108	1050
sector	0	28		482	483	513		991	1049	1051
sector	0	28		483	514	513		1050	1110	1052
sector	0	28		513	514	544		993	1051	1053
sector	0	28		514	545	544		1052	1112	1054
sector	0	28		544	545	575		995	1053	1055
sector	0	28		545	576	575		1054	1114	1056
sector	0	28		575	576	606		997	1055	1057
sector	0	28		576	607	606		1056	1116	1058
sector	0	28		606	607	637		999	1057	1059
sector	0	28		607	638	637		1058	1118	1060
sector	0	28		637	638	668		1001	1059	1061
sector	0	28		638	669	668		1060	1120	1062
sector	0	28		668	669	699		1003	1061	1063
sector	0	28		669	700	699		1062	1122	1064
sector	0	28		699	700	730		1005	1063	1065
sector	0	28		700	731	730		1064	1124	1066
sector	0	28		730	731	761		1007	1065	1067
sector	0	28		731	762	761		1066	1126	1068
sector	0	28		761	762	792		1009	1067	1069
sector	0	28		762	793	792		1068	1128	1070
sector	0	28		792	793	823		1011	1069	1071
sector	0	28		793	824	823		1070	1130	1072
sector	0	28		823	824	854		1013	1071	1073
sector	0	28		824	855	854		1072	1132	1074
sector	0	28		854	855	885		1015	1073	1075
sector	0	28		855	886	885		1074	1134	1076
sector	0	28		885	886	916		1017	1075	1077
sector	0	28		886	917	916		1076	1136	1078
sector	0	28		916	917	947		1019	1077	1079
sector	0	28		917	948	947		1078	1138	-1
sector	0	28		18	19	49		1021	-1	1081
sector	0	28		19	50	49		1080	1140	1082
sector	0	28		49	50	80		1023	1081	1083
sector	0	28		50	81	80		1082	1142	1084
sector	0	28		80	81	111		1025	1083	1085
sector	0	28		81	112	111		1084	1144	1086
sector	0	28		111	112	142		1027	1085	1087
sector	0	28		112	143	142		1086	1146	1088
sector	0	28		142	143	173		1029	1087	1089
sector	0	28		143	174	173		1088	1148	1090
sector	0	28		173	174	204		1031	1089	1091
sector	0	28		174	205	204		1090	1150	1092
sector	0	28		204	205	235		1033	1091	1093
sector	0	28		205	236	235		1092	1152	1094
sector	0	28		235	236	266		1035	1093	1095
sector	0	28		236	267	266		1094	1154	1096
sector	0	28		266	267	297		1037	1095	1097
sector	0	28		267	298	297		1096	1156	1098
sector	0	28		297	298	328		1039	1097	1099
sector	0	28		298	329	328		1098	1158	1100
sector	0	28		328	329	359		1041	1099	1101
sector	0	28		329	360	359		1100	1160	1102
sector	0	28		359	360	390		1043	1101	1103
sector	0	28		360	391	390		1102	1162	1104
sector	0	28		390	391	421		1045	1103	1105
sector	0	28		391	422	421		1104	1164	1106
sector	0	28		421	422	452		1047	1105	1107
sector	0	28		422	453	452		1106	1166	1108
sector	0	28		452	453	483		1049	1107	1109
sector	0	28		453	484	483		1108	1168	1110
sector	0	28		483	484	514		1051	1109	1111
sector	0	28		484	515	514		1110	1170	1112
sector	0	28		514	515	545		1053	1111	1113
sector	0	28		515	546	545		1112	1172	1114
sector	0	28		545	546	576		1055	1113	1115
sector	0	28		546	577	576		1114	1174	1116
sector	0	28		576	577	607		1057	1115	1117
sector	0	28		577	608	607		1116	1176	1118
sector	0	28		607	608	638		1059	1117	1119
sector	0	28		608	639	638		1118	1178	1120
sector	0	28		638	639	669		1061	1119	1121
sector	0	28		639	670	669		1120	1180	1122
sector	0	28		669	670	700		1063	1121	1123
sector	0	28		670	701	700		1122	1182	1124
sector	0	28		700	701	731		1065	1123	1125
sector	0	28		701	732	731		1124	1184	1126
sector	0	28		731	732	762		1067	1125	1127
sector	0	28		732	763	762		1126	1186	1128
sector	0	28		762	763	793		1069	1127	1129
sector	0	28		763	794	793		1128	1188	1130
sector	0	28		793	794	824		1071	1129	1131
sector	0	28		794	825	824		1130	1190	1132
sector	0	28		824	825	855		1073	1131	1133
sector	0	28		825	856	855		1132	1192	1134
sector	0	28		855	856	886		1075	1133	1135
sector	0	28		856	887	886		1134	1194	1136
sector	0	28		886	887	917		1077	1135	1137
sector	0	28		887	918	917		1136	1196	1138
sector	0	28		917	918	948		1079	1137	1139
sector	0	28		918	949	948		1138	1198	-1
sector	0	28		19	20	50		1081	-1	1141
sector	0	28		20	51	50		1140	1200	1142
sector	0	28		50	51	81		1083	1141	1143
sector	0	28		51	82	81		1142	1202	1144
sector	0	28		81	82	112		1085	1143	1145
sector	0	28		82	113	112		1144	1204	1146
sector	0	28		112	113	143		1087	1145	1147
sector	0	28		113	144	143		1146	1206	1148
sector	0	28		143	144	174		1089	1147	1149
sector	0	28		144	175	174		1148	1208	1150
sector	0	28		174	175	205		1091	1149	1151
sector	0	28		175	206	205		1150	1210	1152
sector	0	28		205	206	236		1093	1151	1153
sector	0	28		206	237	236		1152	1212	1154
sector	0	28		236	237	267		1095	1153	1155
sector	0	28		237	268	267		1154	1214	1156
sector	0	28		267	268	298		1097	1155	1157
sector	0	28		268	299	298		1156	1216	1158
sector	0	28		298	299	329		1099	1157	1159
sector	0	28		299	330	329		1158	1218	1160
sector	0	28		329	330	360		1101	1159	1161
sector	0	28		330	361	360		1160	1220	1162
sector	0	28		360	361	391		1103	1161	1163
sector	0	28		361	392	391		1162	1222	1164
sector	0	28		391	392	422		1105	1163	1165
sector	0	28		392	423	422		1164	1224	1166
sector	0	28		422	423	453		1107	1165	1167
sector	0	28		423	454	453		1166	1226	1168
sector	0	28		453	454	484		1109	1167	1169
sector	0	28		454	485	484		1168	1228	1170
sector	0	28		484	485	515		1111	1169	1171
sector	0	28		485	516	515		1170	1230	1172
sector	0	28		515	516	546		1113	1171	1173
sector	0	28		516	547	546		1172	1232	1174
sector	0	28		546	547	577		1115	1173	1175
sector	0	28		547	578	577		1174	1234	1176
sector	0	28		577	578	608		1117	1175	1177
sector	0	28		578	609	608		1176	1236	1178
sector	0	28		608	609	639		1119	1177	1179
sector	0	28		609	640	639		1178	1238	1180
sector	0	28		639	640	670		1121	1179	1181
sector	0	28		640	671	670		1180	1240	1182
sector	0	28		670	671	701		1123	1181	1183
sector	0	28		671	702	701		1182	1242	1184
sector	0	28		701	702	732		1125	1183	1185
sector	0	28		702	733	732		1184	1244	1186
sector	0	28		732	733	763		1127	1185	1187
sector	0	28		733	764	763		1186	1246	1188
sector	0	28		763	764	794		1129	1187	1189
sector	0	28		764	795	794		1188	1248	1190
sector	0	28		794	795	825		1131	1189	1191
sector	0	28		795	826	825		1190	1250	1192
sector	0	28		825	826	856		1133	1191	1193
sector	0	28		826	857	856		1192	1252	1194
sector	0	28		856	857	887		1135	1193	1195
sector	0	28		857	888	887		1194	1254	1196
sector	0	28		887	888	918		1137	1195	1197
sector	0	28		888	919	918		1196	1256	1198
sector	0	28		918	919	949		1139	1197	1199
sector	0	28		919	950	949		1198	1258	-1
sector	0	28		20	21	51		1141	-1	1201
sector	0	28		21	52	51		1200	1260	1202
sector	0	28		51	52	82		1143	1201	1203
sector	0	28		52	83	82		1202	1262	1204
sector	0	28		82	83	113		1145	1203	1205
sector	0	28		83	114	113		1204	1264	1206
sector	0	28		113	114	144		1147	1205	1207
sector	0	28		114	145	144		1206	1266	1208
sector	0	28		144	145	175		1149	1207	1209
sector	0	28		145	176	175		1208	1268	1210
sector	0	28		175	176	206		1151	1209	1211
sector	0	28		176	207	206		1210	1270	1212
sector	0	28		206	207	237		1153	1211	1213
sector	0	28		207	238	237		1212	1272	1214
sector	0	28		237	238	268		1155	1213	1215
sector	0	28		238	269	268		1214	1274	1216
sector	0	28		268	269	299		1157	1215	1217
sector	0	28		269	300	299		1216	1276	1218
sector	0	28		299	300	330		1159	1217	1219
sector	0	28		300	331	330		1218	1278	1220
sector	0	28		330	331	361		1161	1219	1221
sector	0	28		331	362	361		1220	1280	1222
sector	0	28		361	362	392		1163	1221	1223
sector	0	28		362	393	392		1222	1282	1224
sector	0	28		392	393	423		1165	1223	1225
sector	0	28		393	424	423		1224	1284	1226
sector	0	28		423	424	454		1167	1225	1227
sector	0	28		424	455	454		1226	1286	1228
sector	0	28		454	455	485		1169	1227	1229
sector	0	28		455	486	485		1228	1288	1230
sector	0	28		485	486	516		1171	1229	1231
sector	0	28		486	517	516		1230	1290	1232
sector	0	28		516	517	547		1173	1231	1233
sector	0	28		517	548	547		1232	1292	1234
sector	0	28		547	548	578		1175	1233	1235
sector	0	28		548	579	578		1234	1294	1236
sector	0	28		578	579	609		1177	1235	1237
sector	0	28		579	610	609		1236	1296	1238
sector	0	28		609	610	640		1179	1237	1239
sector	0	28		610	641	640		1238	1298	1240
sector	0	28		640	641	671		1181	1239	1241
sector	0	28		641	672	671		1240	1300	1242
sector	0	28		671	672	702		1183	1241	1243
sector	0	28		672	703	702		1242	1302	1244
sector	0	28		702	703	733		1185	1243	1245
sector	0	28		703	734	733		1244	1304	1246
sector	0	28		733	734	764		1187	1245	1247
sector	0	28		734	765	764		1246	1306	1248
sector	0	28		764	765	795		1189	1247	1249
sector	0	28		765	796	795		1248	1308	1250
sector	0	28		795	796	826		1191	1249	1251
sector	0	28		796	827	826		1250	1310	1252
sector	0	28		826	827	857		1193	1251	1253
sector	0	28		827	858	857		1252	1312	1254
sector	0	28		857	858	888		1195	1253	1255
sector	0	28		858	889	888		1254	1314	1256
sector	0	28		888	889	919		1197	1255	1257
sector	0	28		889	920	919		1256	1316	1258
sector	0	28		919	920	950		1199	1257	1259
sector	0	28		920	951	950		1258	1318	-1
sector	0	28		21	22	52		1201	-1	1261
sector	0	28		22	53	52		1260	1320	1262
sector	0	28		52	53	83		1203	1261	1263
sector	0	28		53	84	83		1262	1322	1264
sector	0	28		83	84	114		1205	1263	1265
sector	0	28		84	115	114		1264	1324	1266
sector	0	28		114	115	145		1207	1265	1267
sector	0	28		115	146	145		1266	1326	1268
sector	0	28		145	146	176		1209	1267	1269
sector	0	28		146	177	176		1268	1328	1270
sector	0	28		176	177	207		1211	1269	1271
sector	0	28		177	208	207		1270	1330	1272
sector	0	28		207	208	238		1213	1271	1273
sector	0	28		208	239	238		1272	1332	1274
sector	0	28		238	239	269		1215	1273	1275
sector	0	28		239	270	269		1274	1334	1276
sector	0	28		269	270	300		1217	1275	1277
sector	0	28		270	301	300		1276	1336	1278
sector	0	28		300	301	331		1219	1277	1279
sector	0	28		301	332	331		1278	1338	1280
sector	0	28		331	332	362		1221	1279	1281
sector	0	28		332	363	362		1280	1340	1282
sector	0	28		362	363	393		1223	1281	1283
sector	0	28		363	394	393		1282	1342	1284
sector	0	28		393	394	424		1225	1283	1285
sector	0	28		394	425	424		1284	1344	1286
sector	0	28		424	425	455		1227	1285	1287
sector	0	28		425	456	455		1286	1346	1288
sector	0	28		455	456	486		1229	1287	1289
sector	0	28		456	487	486		1288	1348	1290
sector	0	28		486	487	517		1231	1289	1291
sector	0	28		487	518	517		1290	1350	1292
sector	0	28		517	518	548		1233	1291	1293
sector	0	28		518	549	548		1292	1352	1294
sector	0	28		548	549	579		1235	1293	1295
sector	0	28		549	580	579		1294	1354	1296
sector	0	28		579	580	610		1237	1295	1297
sector	0	28		580	611	610		1296	1356	1298
sector	0	28		610	611	641		1239	1297	1299
sector	0	28		611	642	641		1298	1358	1300
sector	0	28		641	642	672		1241	1299	1301
sector	0	28		642	673	672		1300	1360	1302
sector	0	28		672	673	703		1243	1301	1303
sector	0	28		673	704	703		1302	1362	1304
sector	0	28		703	704	734		1245	1303	1305
sector	0	28		704	735	734		1304	1364	1306
sector	0	28		734	735	765		1247	1305	1307
sector	0	28		735	766	765		1306	1366	1308
sector	0	28		765	766	796		1249	1307	1309
sector	0	28		766	797	796		1308	1368	1310
sector	0	28		796	797	827		1251	1309	1311
sector	0	28		797	828	827		1310	1370	1312
sector	0	28		827	828	858		1253	1311	1313
sector	0	28		828	859	858		1312	1372	1314
sector	0	28		858	859	889		1255	1313	1315
sector	0	28		859	890	889		1314	1374	1316
sector	0	28		889	890	920		1257	1315	1317
sector	0	28		890	921	920		1316	1376	1318
sector	0	28		920	921	951		1259	1317	1319
sector	0	28		921	952	951		1318	1378	-1
sector	0	28		22	23	53		1261	-1	1321
sector	0	28		23	54	53		1320	1380	1322
sector	0	28		53	54	84		1263	1321	1323
sector	0	28		54	85	84		1322	1382	1324
sector	0	28		84	85	115		1265	1323	1325
sector	0	28		85	116	115		1324	1384	1326
sector	0	28		115	116	146		1267	1325	1327
sector	0	28		116	147	146		1326	1386	1328
sector	0	28		146	147	177		1269	1327	1329
sector	0	28		147	178	177		1328	1388	1330
sector	0	28		177	178	208		1271	1329	1331
sector	0	28		178	209	208		1330	1390	1332
sector	0	28		208	209	239		1273	1331	1333
sector	0	28		209	240	239		1332	1392	1334
sector	0	28		239	240	270		1275	1333	1335
sector	0	28		240	271	270		1334	1394	1336
sector	0	28		270	271	301		1277	1335	1337
sector	0	28		271	302	301		1336	1396	1338
sector	0	28		301	302	332		1279	1337	1339
sector	0	28		302	333	332		1338	1398	1340
sector	0	28		332	333	363		1281	1339	1341
sector	0	28		333	364	363		1340	1400	1342
sector	0	28		363	364	394		1283	1341	1343
sector	0	28		364	395	394		1342	1402	1344
sector	0	28		394	395	425		1285	1343	1345
sector	0	28		395	426	425		1344	1404	1346
sector	0	28		425	426	456		1287	1345	1347
sector	0	28		426	457	456		1346	1406	1348
sector	0	28		456	457	487		1289	1347	1349
sector	0	28		457	488	487		1348	1408	1350
sector	0	28		487	488	518		1291	1349	1351
sector	0	28		488	519	518		1350	1410	1352
sector	0	28		518	519	549		1293	1351	1353
sector	0	28		519	550	549		1352	1412	1354
sector	0	28		549	550	580		1295	1353	1355
sector	0	28		550	581	580		1354	1414	1356
sector	0	28		580	581	611		1297	1355	1357
sector	0	28		581	612	611		1356	1416	1358
sector	0	28		611	612	642		1299	1357	1359
sector	0	28		612	643	642		1358	1418	1360
sector	0	28		642	643	673		1301	1359	1361
sector	0	28		643	674	673		1360	1420	1362
sector	0	28		673	674	704		1303	1361	1363
sector	0	28		674	705	704		1362	1422	1364
sector	0	28		704	705	735		1305	1363	1365
sector	0	28		705	736	735		1364	1424	1366
sector	0	28		735	736	766		1307	1365	1367
sector	0	28		736	767	766		1366	1426	1368
sector	0	28		766	767	797		1309	1367	1369
sector	0	28		767	798	797		1368	1428	1370
sector	0	28		797	798	828		1311	1369	1371
sector	0	28		798	829	828		1370	1430	1372
sector	0	28		828	829	859		1313	1371	1373
sector	0	28		829	860	859		1372	1432	1374
sector	0	28		859	860	890		1315	1373	1375
sector	0	28		860	891	890		1374	1434	1376
sector	0	28		890	891	921		1317	1375	1377
sector	0	28		891	922	921		1376	1436	1378
sector	0	28		921	922	952		1319	1377	1379
sector	0	28		922	953	952		1378	1438	-1
sector	0	28		23	24	54		1321	-1	1381
sector	0	28		24	55	54		1380	1440	1382
sector	0	28		54	55	85		1323	1381	1383
sector	0	28		55	86	85		1382	1442	1384
sector	0	28		85	86	116		1325	1383	1385
sector	0	28		86	117	116		1384	1444	1386
sector	0	28		116	117	147		1327	1385	1387
sector	0	28		117	148	147		1386	1446	1388
sector	0	28		147	148	178		1329	1387	1389
sector	0	28		148	179	178		1388	1448	1390
sector	0	28		178	179	209		1331	1389	1391
sector	0	28		179	210	209		1390	1450	1392
sector	0	28		209	210	240		1333	1391	1393
sector	0	28		210	241	240		1392	1452	1394
sector	0	28		240	241	271		1335	1393	1395
sector	0	28		241	272	271		1394	1454	1396
sector	0	28		271	272	302		1337	1395	1397
sector	0	28		272	303	302		1396	1456	1398
sector	0	28		302	303	333		1339	1397	1399
sector	0	28		303	334	333		1398	1458	1400
sector	0	28		333	334	364		1341	1399	1401
sector	0	28		334	365	364		1400	1460	1402
sector	0	28		364	365	395		1343	1401	1403
sector	0	28		365	396	395		1402	1462	1404
sector	0	28		395	396	426		1345	1403	1405
sector	0	28		396	427	426		1404	1464	1406
sector	0	28		426	427	457		1347	1405	1407
sector	0	28		427	458	457		1406	1466	1408
sector	0	28		457	458	488		1349	1407	1409
sector	0	28		458	489	488		1408	1468	1410
sector	0	28		488	489	519		1351	1409	1411
sector	0	28		489	520	519		1410	1470	1412
sector	0	28		519	520	550		1353	1411	1413
sector	0	28		520	551	550		1412	1472	1414
sector	0	28		550	551	581		1355	1413	1415
sector	0	28		551	582	581		1414	1474	1416
sector	0	28		581	582	612		1357	1415	1417
sector	0	28		582	613	612		1416	1476	1418
sector	0	28		612	613	643		1359	1417	1419
sector	0	28		613	644	643		1418	1478	1420
sector	0	28		643	644	674		1361	1419	1421
sector	0	28		644	675	674		1420	1480	1422
sector	0	28		674	675	705		1363	1421	1423
sector	0	28		675	706	705		1422	1482	1424
sector	0	28		705	706	736		1365	1423	1425
sector	0	28		706	737	736		1424	1484	1426
sector	0	28		736	737	767		1367	1425	1427
sector	0	28		737	768	767		1426	1486	1428
sector	0	28		767	768	798		1369	1427	1429
sector	0	28		768	799	798		1428	1488	1430
sector	0	28		798	799	829		1371	1429	1431
sector	0	28		799	830	829		1430	1490	1432
sector	0	28		829	830	860		1373	1431	1433
sector	0	28		830	861	860		1432	1492	1434
sector	0	28		860	861	891		1375	1433	1435
sector	0	28		861	892	891		1434	1494	1436
sector	0	28		891	892	922		1377	1435	1437
sector	0	28		892	923	922		1436	1496	1438
sector	0	28		922	923	953		1379	1437	1439
sector	0	28		923	954	953		1438	1498	-1
sector	0	28		24	25	55		1381	-1	1441
sector	0	28		25	56	55		1440	1500	1442
sector	0	28		55	56	86		1383	1441	1443
sector	0	28		56	87	86		1442	1502	1444
sector	0	28		86	87	117		1385	1443	1445
sector	0	28		87	118	117		1444	1504	1446
sector	0	28		117	118	148		1387	1445	1447
sector	0	28		118	149	148		1446	1506	1448
sector	0	28		148	149	179		1389	1447	1449
sector	0	28		149	180	179		1448	1508	1450
sector	0	28		179	180	210		1391	1449	1451
sector	0	28		180	211	210		1450	1510	1452
sector	0	28		210	211	241		1393	1451	1453
sector	0	28		211	242	241		1452	1512	1454
sector	0	28		241	242	272		1395	1453	1455
sector	0	28		242	273	272		1454	1514	1456
sector	0	28		272	273	303		1397	1455	1457
sector	0	28		273	304	303		1456	1516	1458
sector	0	28		303	304	334		1399	1457	1459
sector	0	28		304	335	334		1458	1518	1460
sector	0	28		334	335	365		1401	1459	1461
sector	0	28		335	366	365		1460	1520	1462
sector	0	28		365	366	396		1403	1461	1463
sector	0	28		366	397	396		1462	1522	1464
sector	0	28		396	397	427		1405	1463	1465
sector	0	28		397	428	427		1464	1524	1466
sector	0	28		427	428	458		1407	1465	1467
sector	0	28		428	459	458		1466	1526	1468
sector	0	28		458	459	489		1409	1467	1469
sector	0	28		459	490	489		1468	1528	1470
sector	0	28		489	490	520		1411	1469	1471
sector	0	28		490	521	520		1470	1530	1472
sector	0	28		520	521	551		1413	1471	1473
sector	0	28		521	552	551		1472	1532	1474
sector	0	28		551	552	582		1415	1473	1475
sector	0	28		552	583	582		1474	1534	1476
sector	0	28		582	583	613		1417	1475	1477
sector	0	28		583	614	613		1476	1536	1478
sector	0	28		613	614	644		1419	1477	1479
sector	0	28		614	645	644		1478	1538	1480
sector	0	28		644	645	675		1421	1479	1481
sector	0	28		645	676	675		1480	1540	1482
sector	0	28		675	676	706		1423	1481	1483
sector	0	28		676	707	706		1482	1542	1484
sector	0	28		706	707	737		1425	1483	1485
sector	0	28		707	738	737		1484	1544	1486
sector	0	28		737	738	768		1427	1485	1487
sector	0	28		738	769	768		1486	1546	1488
sector	0	28		768	769	799		1429	1487	1489
sector	0	28		769	800	799		1488	1548	1490
sector	0	28		799	800	830		1431	1489	1491
sector	0	28		800	831	830		1490	1550	1492
sector	0	28		830	831	861		1433	1491	1493
sector	0	28		831	862	861		1492	1552	1494
sector	0	28		861	862	892		1435	1493	1495
sector	0	28		862	893	892		1494	1554	1496
sector	0	28		892	893	923		1437	1495	1497
sector	0	28		893	924	923		1496	1556	1498
sector	0	28		923	924	954		1439	1497	1499
sector	0	28		924	955	954		1498	1558	-1
sector	0	28		25	26	56		1441	-1	1501
sector	0	28		26	57	56		1500	1560	1502
sector	0	28		56	57	87		1443	1501	1503
sector	0	28		57	88	87		1502	1562	1504
sector	0	28		87	88	118		1445	1503	1505
sector	0	28		88	119	118		1504	1564	1506
sector	0	28		118	119	149		1447	1505	1507
sector	0	28		119	150	149		1506	1566	1508
sector	0	28		149	150	180		1449	1507	1509
sector	0	28		150	181	180		1508	1568	1510
sector	0	28		180	181	211		1451	1509	1511
sector	0	28		181	212	211		1510	1570	1512
sector	0	28		211	212	242		1453	1511	1513
sector	0	28		212	243	242		1512	1572	1514
sector	0	28		242	243	273		1455	1513	1515
sector	0	28		243	274	273		1514	1574	1516
sector	0	28		273	274	304		1457	1515	1517
sector	0	28		274	305	304		1516	1576	1518
sector	0	28		304	305	335		1459	1517	1519
sector	0	28		305	336	335		1518	1578	1520
sector	0	28		335	336	366		1461	1519	1521
sector	0	28		336	367	366		1520	1580	1522
sector	0	28		366	367	397		1463	1521	1523
sector	0	28		367	398	397		1522	1582	1524
sector	0	28		397	398	428		1465	1523	1525
sector	0	28		398	429	428		1524	1584	1526
sector	0	28		428	429	459		1467	1525	1527
sector	0	28		429	460	459		1526	1586	1528
sector	0	28		459	460	490		1469	1527	1529
sector	0	28		460	491	490		1528	1588	1530
sector	0	28		490	491	521		1471	1529	1531
sector	0	28		491	522	521		1530	1590	1532
sector	0	28		521	522	552		1473	1531	1533
sector	0	28		522	553	552		1532	1592	1534
sector	0	28		552	553	583		1475	1533	1535
sector	0	28		553	584	583		1534	1594	1536
sector	0	28		583	584	614		1477	1535	1537
sector	0	28		584	615	614		1536	1596	1538
sector	0	28		614	615	645		1479	1537	1539
sector	0	28		615	646	645		1538	1598	1540
sector	0	28		645	646	676		1481	1539	1541
sector	0	28		646	677	676		1540	1600	1542
sector	0	28		676	677	707		1483	1541	1543
sector	0	28		677	708	707		1542	1602	1544
sector	0	28		707	708	738		1485	1543	1545
sector	0	28		708	739	738		1544	1604	1546
sector	0	28		738	739	769		1487	1545	1547
sector	0	28		739	770	769		1546	1606	1548
sector	0	28		769	770	800		1489	1547	1549
sector	0	28		770	801	800		1548	1608	1550
sector	0	28		800	801	831		1491	1549	1551
sector	0	28		801	832	831		1550	1610	1552
sector	0	28		831	832	862		1493	1551	1553
sector	0	28		832	863	862		1552	1612	1554
sector	0	28		862	863	893		1495	1553	1555
sector	0	28		863	894	893		1554	1614	1556
sector	0	28		893	894	924		1497	1555	1557
sector	0	28		894	925	924		1556	1616	1558
sector	0	28		924	925	955		1499	1557	1559
sector	0	28		925	956	955		1558	1618	-1
sector	0	28		26	27	57		1501	-1	1561
sector	0	28		27	58	57		1560	1620	1562
sector	0	28		57	58	88		1503	1561	1563
sector	0	28		58	89	88		1562	1622	1564
sector	0	28		88	89	119		1505	1563	1565
sector	0	28		89	120	119		1564	1624	1566
sector	0	28		119	120	150		1507	1565	1567
sector	0	28		120	151	150		1566	1626	1568
sector	0	28		150	151	181		1509	1567	1569
sector	0	28		151	182	181		1568	1628	1570
sector	0	28		181	182	212		1511	1569	1571
sector	0	28		182	213	212		1570	1630	1572
sector	0	28		212	213	243		1513	1571	1573
sector	0	28		213	244	243		1572	1632	1574
sector	0	28		243	244	274		1515	1573	1575
sector	0	28		244	275	274		1574	1634	1576
sector	0	28		274	275	305		1517	1575	1577
sector	0	28		275	306	305		1576	1636	1578
sector	0	28		305	306	336		1519	1577	1579
sector	0	28		306	337	336		1578	1638	1580
sector	0	28		336	337	367		1521	1579	1581
sector	0	28		337	368	367		1580	1640	1582
sector	0	28		367	368	398		1523	1581	1583
sector	0	28		368	399	398		1582	1642	1584
sector	0	28		398	399	429		1525	1583	1585
sector	0	28		399	430	429		1584	1644	1586
sector	0	28		429	430	460		1527	1585	1587
sector	0	28		430	461	460		1586	1646	1588
sector	0	28		460	461	491		1529	1587	1589
sector	0	28		461	492	491		1588	1648	1590
sector	0	28		491	492	522		1531	1589	1591
sector	0	28		492	523	522		1590	1650	1592
sector	0	28		522	523	553		1533	1591	1593
sector	0	28		523	554	553		1592	1652	1594
sector	0	28		553	554	584		1535	1593	1595
sector	0	28		554	585	584		1594	1654	1596
sector	0	28		584	585	615		1537	1595	1597
sector	0	28		585	616	615		1596	1656	1598
sector	0	28		615	616	646		1539	1597	1599
sector	0	28		616	647	646		1598	1658	1600
sector	0	28		646	647	677		1541	1599	1601
sector	0	28		647	678	677		1600	1660	1602
sector	0	28		677	678	708		1543	1601	1603
sector	0	28		678	709	708		1602	1662	1604
sector	0	28		708	709	739		1545	1603	1605
sector	0	28		709	740	739		1604	1664	1606
sector	0	28		739	740	770		1547	1605	1607
sector	0	28		740	771	770		1606	1666	1608
sector	0	28		770	771	801		1549	1607	1609
sector	0	28		771	802	801		1608	1668	1610
sector	0	28		801	802	832		1551	1609	1611
sector	0	28		802	833	832		1610	1670	1612
sector	0	28		832	833	863		1553	1611	1613
sector	0	28		833	864	863		1612	1672	1614
sector	0	28		863	864	894		1555	1613	1615
sector	0	28		864	895	894		1614	1674	1616
sector	0	28		894	895	925		1557	1615	1617
sector	0	28		895	926	925		1616	1676	1618
sector	0	28		925	926	956		1559	1617	1619
sector	0	28		926	957	956		1618	1678	-1
sector	0	28		27	28	58		1561	-1	1621
sector	0	28		28	59	58		1620	1680	1622
sector	0	28		58	59	89		1563	1621	1623
sector	0	28		59	90	89		1622	1682	1624
sector	0	28		89	90	120		1565	1623	1625
sector	0	28		90	121	120		1624	1684	1626
sector	0	28		120	121	151		1567	1625	1627
sector	0	28		121	152	151		1626	1686	1628
sector	0	28		151	152	182		1569	1627	1629
sector	0	28		152	183	182		1628	1688	1630
sector	0	28		182	183	213		1571	1629	1631
sector	0	28		183	214	213		1630	1690	1632
sector	0	28		213	214	244		1573	1631	1633
sector	0	28		214	245	244		1632	1692	1634
sector	0	28		244	245	275		1575	1633	1635
sector	0	28		245	276	275		1634	1694	1636
sector	0	28		275	276	306		1577	1635	1637
sector	0	28		276	307	306		1636	1696	1638
sector	0	28		306	307	337		1579	1637	1639
sector	0	28		307	338	337		1638	1698	1640
sector	0	28		337	338	368		1581	1639	1641
sector	0	28		338	369	368		1640	1700	1642
sector	0	28		368	369	399		1583	1641	1643
sector	0	28		369	400	399		1642	1702	1644
sector	0	28		399	400	430		1585	1643	1645
sector	0	28		400	431	430		1644	1704	1646
sector	0	28		430	431	461		1587	1645	1647
sector	0	28		431	462	461		1646	1706	1648
sector	0	28		461	462	492		1589	1647	1649
sector	0	28		462	493	492		1648	1708	1650
sector	0	28		492	493	523		1591	1649	1651
sector	0	28		493	524	523		1650	1710	1652
sector	0	28		523	524	554		1593	1651	1653
sector	0	28		524	555	554		1652	1712	1654
sector	0	28		554	555	585		1595	1653	1655
sector	0	28		555	586	585		1654	1714	1656
sector	0	28		585	586	616		1597	1655	1657
sector	0	28		586	617	616		1656	1716	1658
sector	0	28		616	617	647		1599	1657	1659
sector	0	28		617	648	647		1658	1718	1660
sector	0	28		647	648	678		1601	1659	1661
sector	0	28		648	679	678		1660	1720	1662
sector	0	28		678	679	709		1603	1661	1663
sector	0	28		679	710	709		1662	1722	1664
sector	0	28		709	710	740		1605	1663	1665
sector	0	28		710	741	740		1664	1724	1666
sector	0	28		740	741	771		1607	1665	1667
sector	0	28		741	772	771		1666	1726	1668
sector	0	28		771	772	802		1609	1667	1669
sector	0	28		772	803	802		1668	1728	1670
sector	0	28		802	803	833		1611	1669	1671
sector	0	28		803	834	833		1670	1730	1672
sector	0	28		833	834	864		1613	1671	1673
sector	0	28		834	865	864		1672	1732	1674
sector	0	28		864	865	895		1615	1673	1675
sector	0	28		865	896	895		1674	1734	1676
sector	0	28		895	896	926		1617	1675	1677
sector	0	28		896	927	926		1676	1736	1678
sector	0	28		926	927	957		1619	1677	1679
sector	0	28		927	958	957		1678	1738	-1
sector	0	28		28	29	59		1621	-1	1681
sector	0	28		29	60	59		1680	1740	1682
sector	0	28		59	60	90		1623	1681	1683
sector	0	28		60	91	90		1682	1742	1684
sector	0	28		90	91	121		1625	1683	1685
sector	0	28		91	122	121		1684	1744	1686
sector	0	28		121	122	152		1627	1685	1687
sector	0	28		122	153	152		1686	1746	1688
sector	0	28		152	153	183		1629	1687	1689
sector	0	28		153	184	183		1688	1748	1690
sector	0	28		183	184	214		1631	1689	1691
sector	0	28		184	215	214		1690	1750	1692
sector	0	28		214	215	245		1633	1691	1693
sector	0	28		215	246	245		1692	1752	1694
sector	0	28		245	246	276		1635	1693	1695
sector	0	28		246	277	276		1694	1754	1696
sector	0	28		276	277	307		1637	1695	1697
sector	0	28		277	308	307		1696	1756	1698
sector	0	28		307	308	338		1639	1697	1699
sector	0	28		308	339	338		1698	1758	1700
sector	0	28		338	339	369		1641	1699	1701
sector	0	28		339	370	369		1700	1760	1702
sector	0	28		369	370	400		1643	1701	1703
sector	0	28		370	401	400		1702	1762	1704
sector	0	28		400	401	431		1645	1703	1705
sector	0	28		401	432	431		1704	1764	1706
sector	0	28		431	432	462		1647	1705	1707
sector	0	28		432	463	462		1706	1766	1708
sector	0	28		462	463	493		1649	1707	1709
sector	0	28		463	494	493		1708	1768	1710
sector	0	28		493	494	524		1651	1709	1711
sector	0	28		494	525	524		1710	1770	1712
sector	0	28		524	525	555		1653	1711	1713
sector	0	28		525	556	555		1712	1772	1714
sector	0	28		555	556	586		1655	1713	1715
sector	0	28		556	587	586		1714	1774	1716
sector	0	28		586	587	617		1657	1715	1717
sector	0	28		587	618	617		1716	1776	1718
sector	0	28		617	618	648		1659	1717	1719
sector	0	28		618	649	648		1718	1778	1720
sector	0	28		648	649	679		1661	1719	1721
sector	0	28		649	680	679		1720	1780	1722
sector	0	28		679	680	710		1663	1721	1723
sector	0	28		680	711	710		1722	1782	1724
sector	0	28		710	711	741		1665	1723	1725
sector	0	28		711	742	741		1724	1784	1726
sector	0	28		741	742	772		1667	1725	1727
sector	0	28		742	773	772		1726	1786	1728
sector	0	28		772	773	803		1669	1727	1729
sector	0	28		773	804	803		1728	1788	1730
sector	0	28		803	804	834		1671	1729	1731
sector	0	28		804	835	834		1730	1790	1732
sector	0	28		834	835	865		1673	1731	1733
sector	0	28		835	866	865		1732	1792	1734
sector	0	28		865	866	896		1675	1733	1735
sector	0	28		866	897	896		1734	1794	1736
sector	0	28		896	897	927		1677	1735	1737
sector	0	28		897	928	927		1736	1796	1738
sector	0	28		927	928	958		1679	1737	1739
sector	0	28		928	959	958		1738	1798	-1
sector	0	28		29	30	60		1681	-1	1741
sector	0	28		30	61	60		1740	-1	1742
sector	0	28		60	61	91		1683	1741	1743
sector	0	28		61	92	91		1742	-1	1744
sector	0	28		91	92	122		1685	1743	1745
sector	0	28		92	123	122		1744	-1	1746
sector	0	28		122	123	153		1687	1745	1747
sector	0	28		123	154	153		1746	-1	1748
sector	0	28		153	154	184		1689	1747	1749
sector	0	28		154	185	184		1748	-1	1750
sector	0	28		184	185	215		1691	1749	1751
sector	0	28		185	216	215		1750	-1	1752
sector	0	28		215	216	246		1693	1751	1753
sector	0	28		216	247	246		1752	-1	1754
sector	0	28		246	247	277		1695	1753	1755
sector	0	28		247	278	277		1754	-1	1756
sector	0	28		277	278	308		1697	1755	1757
sector	0	28		278	309	308		1756	-1	1758
sector	0	28		308	309	339		1699	1757	1759
sector	0	28		309	340	339		1758	-1	1760
sector	0	28		339	340	370		1701	1759	1761
sector	0	28		340	371	370		1760	-1	1762
sector	0	28		370	371	401		1703	1761	1763
sector	0	28		371	402	401		1762	-1	1764
sector	0	28		401	402	432		1705	1763	1765
sector	0	28		402	433	432		1764	-1	1766
sector	0	28		432	433	463		1707	1765	1767
sector	0	28		433	464	463		1766	-1	1768
sector	0	28		463	464	494		1709	1767	1769
sector	0	28		464	495	494		1768	-1	1770
sector	0	28		494	495	525		1711	1769	1771
sector	0	28		495	526	525		1770	-1	1772
sector	0	28		525	526	556		1713	1771	1773
sector	0	28		526	557	556		1772	-1	1774
sector	0	28		556	557	587		1715	1773	1775
sector	0	28		557	588	587		1774	-1	1776
sector	0	28		587	588	618		1717	1775	1777
sector	0	28		588	619	618		1776	-1	1778
sector	0	28		618	619	649		1719	1777	1779
sector	0	28		619	650	649		1778	-1	1780
sector	0	28		649	650	680		1721	1779	1781
sector	0	28		650	681	680		1780	-1	1782
sector	0	28		680	681	711		1723	1781	1783
sector	0	28		681	712	711		1782	-1	1784
sector	0	28		711	712	742		1725	1783	1785
sector	0	28		712	743	742		1784	-1	1786
sector	0	28		742	743	773		1727	1785	1787
sector	0	28		743	774	773		1786	-1	1788
sector	0	28		773	774	804		1729	1787	1789
sector	0	28		774	805	804		1788	-1	1790
sector	0	28		804	805	835		1731	1789	1791
sector	0	28		805	836	835		1790	-1	1792
sector	0	28		835	836	866		1733	1791	1793
sector	0	28		836	867	866		1792	-1	1794
sector	0	28		866	867	897		1735	1793	1795
sector	0	28		867	898	897		1794	-1	1796
sector	0	28		897	898	928		1737	1795	1797
sector	0	28		898	929	928		1796	-1	1798
sector	0	28		928	929	959		1739	1797	1799
sector	0	28		929	960	959		1798	-1	-1

player	0	0	1	0