vertex	0	0	1	2	3	4	5	6	7	8	9	10
vertex	1	0	1	2	3	4	5	6	7	8	9	10
vertex	2	0	1	2	3	4	5	6	7	8	9	10
vertex	3	0	1	2	3	4	5	6	7	8	9	10
vertex	4	0	1	2	3	4	5	6	7	8	9	10
vertex	5	0	1	2	3	4	5	6	7	8	9	10
vertex	6	0	1	2	3	4	5	6	7	8	9	10
vertex	7	0	1	2	3	4	5	6	7	8	9	10
vertex	8	0	1	2	3	4	5	6	7	8	9	10
vertex	9	0	1	2	3	4	5	6	7	8	9	10
vertex	10	0	1	2	3	4	5	6	7	8	9	10
vertex	11	2	4
vertex	12	2	3	4

sector	0	28		0	1	11		-1	-1	1
sector	0	28		1	12	11		0	20	2
sector	0	28		11	12	22		-1	1	3
sector	0	28		12	23	22		2	22	4
sector	0	28		22	23	33		-1	3	5
sector	0	28		23	34	33		4	24	6
sector	0	28		33	34	44		-1	5	7
sector	0	28		34	45	44		6	26	8
sector	0	28		44	45	55		-1	7	9
sector	0	28		45	56	55		8	28	10
sector	0	28		55	56	66		-1	9	11
sector	0	28		56	67	66		10	30	12
sector	0	28		66	67	77		-1	11	13
sector	0	28		67	78	77		12	32	14
sector	0	28		77	78	88		-1	13	15
sector	0	28		78	89	88		14	34	16
sector	0	28		88	89	99		-1	15	17
sector	0	28		89	100	99		16	36	18
sector	0	28		99	100	110		-1	17	19
sector	0	28		100	111	110		18	38	-1
sector	0	28		1	2	12		1	-1	21
sector	0	28		2	13	12		20	40	22
sector	0	28		12	13	23		3	21	23
sector	0	28		13	24	23		22	42	24
sector	0	28		23	24	34		5	23	25
sector	0	28		24	35	34		24	44	26
sector	0	28		34	35	45		7	25	27
sector	0	28		35	46	45		26	46	28
sector	0	28		45	46	56		9	27	29
sector	0	28		46	57	56		28	48	30
sector	0	28		56	57	67		11	29	31
sector	0	28		57	68	67		30	50	32
sector	0	28		67	68	78		13	31	33
sector	0	28		68	79	78		32	52	34
sector	0	28		78	79	89		15	33	35
sector	0	28		79	90	89		34	54	36
sector	0	28		89	90	100		17	35	37
sector	0	28		90	101	100		36	56	38
sector	0	28		100	101	111		19	37	39
sector	0	28		101	112	111		38	58	-1
sector	0	28		2	3	13		21	-1	41
sector	0	28		3	14	13		40	60	42
sector	0	28		13	14	24		23	41	43
sector	0	28		14	25	24		42	62	44
sector	0	28		24	25	35		25	43	45
sector	0	28		25	36	35		44	64	46
sector	0	28		35	36	46		27	45	47
sector	0	28		36	47	46		46	66	48
sector	0	28		46	47	57		29	47	49
sector	0	28		47	58	57		48	68	50
sector	0	28		57	58	68		31	49	51
sector	0	28		58	69	68		50	70	52
sector	0	28		68	69	79		33	51	53
sector	0	28		69	80	79		52	72	54
sector	0	28		79	80	90		35	53	55
sector	0	28		80	91	90		54	74	56
sector	0	28		90	91	101		37	55	57
sector	0	28		91	102	101		56	76	58
sector	0	28		101	102	112		39	57	59
sector	0	28		102	113	112	112		58	78	200	-1
sector	0	28		3	4	14		41	-1	61
sector	0	28		4	15	14		60	80	62
sector	0	28		14	15	25		43	61	63
sector	0	28		15	26	25		62	82	64
sector	0	28		25	26	36		45	63	65
sector	0	28		26	37	36		64	84	66
sector	0	28		36	37	47		47	65	67
sector	0	28		37	48	47		66	86	68
sector	0	28		47	48	58		49	67	69
sector	0	28		48	59	58		68	88	70
sector	0	28		58	59	69		51	69	71
sector	0	28		59	70	69		70	90	72
sector	0	28		69	70	80		53	71	73
sector	0	28		70	81	80		72	92	74
sector	0	28		80	81	91		55	73	75
sector	0	28		81	92	91		74	94	76
sector	0	28		91	92	102		57	75	77
sector	0	28		92	103	102		76	96	78
sector	0	28		102	103	113		59	77	79
sector	0	28		103	114	113	113		78	98	200	-1
sector	0	28		4	5	15		61	-1	81
sector	0	28		5	16	15		80	100	82
sector	0	28		15	16	26		63	81	83
sector	0	28		16	27	26		82	102	84
sector	0	28		26	27	37		65	83	85
sector	0	28		27	38	37		84	104	86
sector	0	28		37	38	48		67	85	87
sector	0	28		38	49	48		86	106	88
sector	0	28		48	49	59		69	87	89
sector	0	28		49	60	59		88	108	90
sector	0	28		59	60	70		71	89	91
sector	0	28		60	71	70		90	110	92
sector	0	28		70	71	81		73	91	93
sector	0	28		71	82	81		92	112	94
sector	0	28		81	82	92		75	93	95
sector	0	28		82	93	92		94	114	96
sector	0	28		92	93	103		77	95	97
sector	0	28		93	104	103		96	116	98
sector	0	28		103	104	114		79	97	99
sector	0	28		104	115	114	114		98	118	-1	-1
sector	0	28		5	6	16		81	-1	101
sector	0	28		6	17	16		100	120	102
sector	0	28		16	17	27		83	101	103
sector	0	28		17	28	27		102	122	104
sector	0	28		27	28	38		85	103	105
sector	0	28		28	39	38		104	124	106
sector	0	28		38	39	49		87	105	107
sector	0	28		39	50	49		106	126	108
sector	0	28		49	50	60		89	107	109
sector	0	28		50	61	60		108	128	110
sector	0	28		60	61	71		91	109	111
sector	0	28		61	72	71		110	130	112
sector	0	28		71	72	82		93	111	113
sector	0	28		72	83	82		112	132	114
sector	0	28		82	83	93		95	113	115
sector	0	28		83	94	93		114	134	116
sector	0	28		93	94	104		97	115	117
sector	0	28		94	105	104		116	136	118
sector	0	28		104	105	115		99	117	119
sector	0	28		105	116	115		118	138	-1
sector	0	28		6	7	17		101	-1	121
sector	0	28		7	18	17		120	140	122
sector	0	28		17	18	28		103	121	123
sector	0	28		18	29	28		122	142	124
sector	0	28		28	29	39		105	123	125
sector	0	28		29	40	39		124	144	126
sector	0	28		39	40	50		107	125	127
sector	0	28		40	51	50		126	146	128
sector	0	28		50	51	61		109	127	129
sector	0	28		51	62	61		128	148	130
sector	0	28		61	62	72		111	129	131
sector	0	28		62	73	72		130	150	132
sector	0	28		72	73	83		113	131	133
sector	0	28		73	84	83		132	152	134
sector	0	28		83	84	94		115	133	135
sector	0	28		84	95	94		134	154	136
sector	0	28		94	95	105		117	135	137
sector	0	28		95	106	105		136	156	138
sector	0	28		105	106	116		119	137	139
sector	0	28		106	117	116		138	158	-1
sector	0	28		7	8	18		121	-1	141
sector	0	28		8	19	18		140	160	142
sector	0	28		18	19	29		123	141	143
sector	0	28		19	30	29		142	162	144
sector	0	28		29	30	40		125	143	145
sector	0	28		30	41	40		144	164	146
sector	0	28		40	41	51		127	145	147
sector	0	28		41	52	51		146	166	148
sector	0	28		51	52	62		129	147	149
sector	0	28		52	63	62		148	168	150
sector	0	28		62	63	73		131	149	151
sector	0	28		63	74	73		150	170	152
sector	0	28		73	74	84		133	151	153
sector	0	28		74	85	84		152	172	154
sector	0	28		84	85	95		135	153	155
sector	0	28		85	96	95		154	174	156
sector	0	28		95	96	106		137	155	157
sector	0	28		96	107	106		156	176	158
sector	0	28		106	107	117		139	157	159
sector	0	28		107	118	117		158	178	-1
sector	0	28		8	9	19		141	-1	161
sector	0	28		9	20	19		160	180	162
sector	0	28		19	20	30		143	161	163
sector	0	28		20	31	30		162	182	164
sector	0	28		30	31	41		145	163	165
sector	0	28		31	42	41		164	184	166
sector	0	28		41	42	52		147	165	167
sector	0	28		42	53	52		166	186	168
sector	0	28		52	53	63		149	167	169
sector	0	28		53	64	63		168	188	170
sector	0	28		63	64	74		151	169	171
sector	0	28		64	75	74		170	190	172
sector	0	28		74	75	85		153	171	173
sector	0	28		75	86	85		172	192	174
sector	0	28		85	86	96		155	173	175
sector	0	28		86	97	96		174	194	176
sector	0	28		96	97	107		157	175	177
sector	0	28		97	108	107		176	196	178
sector	0	28		107	108	118		159	177	179
sector	0	28		108	119	118		178	198	-1
sector	0	28		9	10	20		161	-1	181
sector	0	28		10	21	20		180	-1	182
sector	0	28		20	21	31		163	181	183
sector	0	28		21	32	31		182	-1	184
sector	0	28		31	32	42		165	183	185
sector	0	28		32	43	42		184	-1	186
sector	0	28		42	43	53		167	185	187
sector	0	28		43	54	53		186	-1	188
sector	0	28		53	54	64		169	187	189
sector	0	28		54	65	64		188	-1	190
sector	0	28		64	65	75		171	189	191
sector	0	28		65	76	75		190	-1	192
sector	0	28		75	76	86		173	191	193
sector	0	28		76	87	86		192	-1	194
sector	0	28		86	87	97		175	193	195
sector	0	28		87	98	97		194	-1	196
sector	0	28		97	98	108		177	195	197
sector	0	28		98	109	108		196	-1	198
sector	0	28		108	109	119		179	197	199
sector	0	28		109	120	119		198	-1	-1
sector	0	28		112	113	114	122	125	124	123	121		-1	59	79	-1	-1	-1	-1	-1

player	3	11	1	200