vertex	0	0	3	6	9	12	15	18
vertex	3	0	3	6	9	12	15	18
vertex	6	0	3	6	9	12	15	18
vertex	9	0	3	6	9	12	15	18
vertex	12	0	3	6	9	12	15	18
vertex	15	0	3	6	9	12	15	18
vertex	18	0	3	6	9	12	15	18

sector	0	28		0	1	7		-1	-1	1
sector	1	28		1	8	7		0	12	2
sector	2	28		7	8	14		-1	1	3
sector	3	28		8	15	14		2	14	4
sector	4	28		14	15	21		-1	3	5
sector	5	28		15	22	21		4	16	6
sector	6	28		21	22	28		-1	5	7
sector	7	28		22	29	28		6	18	8
sector	8	28		28	29	35		-1	7	9
sector	9	28		29	36	35		8	20	10
sector	10	28		35	36	42		-1	9	11
sector	11	28		36	43	42		10	22	-1
sector	1	28		1	2	8		1	-1	13
sector	2	28		2	9	8		12	24	14
sector	3	28		8	9	15		3	13	15
sector	4	28		9	16	15		14	26	16
sector	5	28		15	16	22		5	15	17
sector	6	28		16	23	22		16	28	18
sector	7	28		22	23	29		7	17	19
sector	8	28		23	30	29		18	30	20
sector	9	28		29	30	36		9	19	21
sector	10	28		30	37	36		20	32	22
sector	11	28		36	37	43		11	21	23
sector	12	28		37	44	43		22	34	-1
sector	2	28		2	3	9		13	-1	25
sector	3	28		3	10	9		24	36	26
sector	4	28		9	10	16		15	25	27
sector	5	28		10	17	16		26	38	28
sector	6	28		16	17	23		17	27	29
sector	7	28		17	24	23		28	40	30
sector	8	28		23	24	30		19	29	31
sector	9	28		24	31	30		30	42	32
sector	10	28		30	31	37		21	31	33
sector	11	28		31	38	37		32	44	34
sector	12	28		37	38	44		23	33	35
sector	13	28		38	45	44		34	46	-1
sector	3	28		3	4	10		25	-1	37
sector	4	28		4	11	10		36	48	38
sector	5	28		10	11	17		27	37	39
sector	6	28		11	18	17		38	50	40
sector	7	28		17	18	24		29	39	41
sector	8	28		18	25	24		40	52	42
sector	9	28		24	25	31		31	41	43
sector	10	28		25	32	31		42	54	44
sector	11	28		31	32	38		33	43	45
sector	12	28		32	39	38		44	56	46
sector	13	28		38	39	45		35	45	47
sector	14	28		39	46	45		46	58	-1
sector	4	28		4	5	11		37	-1	49
sector	5	28		5	12	11		48	60	50
sector	6	28		11	12	18		39	49	51
sector	7	28		12	19	18		50	62	52
sector	8	28		18	19	25		41	51	53
sector	9	28		19	26	25		52	64	54
sector	10	28		25	26	32		43	53	55
sector	11	28		26	33	32		54	66	56
sector	12	28		32	33	39		45	55	57
sector	13	28		33	40	39		56	68	58
sector	14	28		39	40	46		47	57	59
sector	15	28		40	47	46		58	70	-1
sector	5	28		5	6	12		49	-1	61
sector	6	28		6	13	12		60	-1	62
sector	7	28		12	13	19		51	61	63
sector	8	28		13	20	19		62	-1	64
sector	9	28		19	20	26		53	63	65
sector	10	28		20	27	26		64	-1	66
sector	11	28		26	27	33		55	65	67
sector	12	28		27	34	33		66	-1	68
sector	13	28		33	34	40		57	67	69
sector	14	28		34	41	40		68	-1	70
sector	15	28		40	41	47		59	69	71
sector	16	28		41	48	47		70	-1	-1

player	0	1	1	0