vertex	1	0	4	5	7	8	9	10	11	12	14
vertex	3	0	4	5	7	8	9	10	11	12	14
vertex	4	0	4	5	7	8	9	10	11	12	14
vertex	6	0	4	5	7	8	9	10	11	12	14

sector	0	10		0	1	11	10		-1	-1	1	-1
sector	0	0		1	2	12	11		0	-1	2	-1
sector	0	10		2	3	13	12		1	-1	3	-1
sector	1	11		3	4	14	13		2	-1	4	-1
sector	2	12		4	5	15	14		3	-1	5	-1
sector	3	13		5	6	16	15		4	-1	6	-1
sector	4	14		6	7	17	16		5	-1	7	-1
sector	5	15		7	8	18	17		6	-1	8	-1
sector	6	16		8	9	19	18		7	-1	-1	9
sector	6	16		18	19	29	28		-1	8	-1	10
sector	6	16		28	29	39	38		11	9	-1	-1
sector	7	17		27	28	38	37		12	-1	10	-1
sector	8	18		26	27	37	36		13	-1	11	-1
sector	9	19		25	26	36	35		14	-1	12	-1
sector	10	20		24	25	35	34		15	-1	13	-1
sector	11	21		23	24	34	33		16	-1	14	-1
sector	12	22		22	23	33	32		17	-1	15	-1
sector	0	0		21	22	32	31		18	-1	16	-1
sector	12	22		20	21	31	30		-1	-1	17	-1

player	2	2	1	0