vertex	14	26	42
vertex	24	26	28	30	31	32	34	35	36	38	39	40	42
vertex	26	26	28	30	31	32	34	35	36	38	39	40
vertex	27	28	30	32	34	36	38
vertex	28	28	30	32	34	36	38
vertex	29	26	28	30	32	34	36	38	40	42
vertex	31	26	42
vertex	33	26	42
vertex	35	26	40	42
vertex	52	4

sector	11	21		37	38	38	39	39	40	40	41	41	42	42	43	43	44	44	45	45	45	47	49	52	51	50	48	46		-1	-1	-1	1	-1	-1	-1	2	-1	-1	-1	3	-1	-1	-1	10	-1	-1	-1	-1	-1	-1	-1	-1	-1
sector	11	21		31	32	39	38		-1	4	-1	0
sector	11	21		33	34	41	40		-1	5	-1	0
sector	11	21		35	36	43	42		-1	6	-1	0
sector	13	19		25	26	32	31		-1	7	-1	1
sector	13	19		27	28	34	33		-1	8	-1	2
sector	13	19		29	30	36	35		-1	9	-1	3
sector	11	21		15	16	16	26	25		-1	19	-1	-1	4
sector	11	21		18	19	19	28	27		-1	16	-1	-1	5
sector	11	21		21	22	22	30	29		-1	13	-1	-1	6
sector	11	21		12	13	13	45	44	24		11	21	-1	-1	0	-1
sector	10	21		11	12	12	24	23		12	21	-1	10	-1
sector	10	21		10	11	11	23	22		13	21	-1	11	-1
sector	9	21		9	10	10	22	21		14	21	-1	12	9
sector	8	21		8	9	9	21	20		15	21	-1	13	-1
sector	7	21		7	8	8	20	19		16	21	-1	14	-1
sector	6	21		6	7	7	19	18		17	21	-1	15	8
sector	5	21		5	6	6	18	17		18	21	-1	16	-1
sector	4	21		4	5	5	17	16		19	21	-1	17	-1
sector	3	21		3	4	4	16	15	3	15	3		20	21	-1	18	7	20	20	20
sector	0	21		2	3	3	15	14	2		-1	21	19	19	-1	-1
sector	0	21		0	1	13	12	11	10	9	8	7	6	5	4	3	2		-1	-1	-1	10	11	12	13	14	15	16	17	18	19	20

player	34	32	1	0