vertex	10	16	32
vertex	20	16	18	19	20	21	22	23	24	25	26	27	28	29	30	32
vertex	21	16	18	19	20	21	22	23	24	25	26	27	28	29	30	32
vertex	23	16	18	19	20	21	22	23	24	25	26	27	28	29	30
vertex	24	18	20	22	24	26	28
vertex	25	16	18	20	22	24	26	28	30	32
vertex	27	16	32
vertex	29	16	32
vertex	31	16	30	32
vertex	39	4

sector	13	23		52	53	54	55	56	57	58	59	60	62	64	67	66	65	63	61		-1	-1	1	-1	2	-1	3	-1	7	-1	-1	-1	-1	-1	-1	-1
sector	13	23		46	47	54	53		-1	4	-1	0
sector	13	23		48	49	56	55		-1	5	-1	0
sector	13	23		50	51	58	57		-1	6	-1	0
sector	16	20		33	34	35	47	46		-1	19	18	-1	1
sector	16	20		37	38	39	49	48		-1	15	14	-1	2
sector	16	20		41	42	43	51	50		-1	11	10	-1	3
sector	13	23		30	31	31	31	60	59	45	30		8	21	-1	-1	-1	0	-1	8
sector	12	23		29	30	30	30	45	44	29		9	22	7	7	7	-1	9
sector	11	23		28	29	29	29	44	43	28		10	23	8	8	8	-1	10
sector	10	23		27	28	28	28	43	42	27		11	24	9	9	9	6	11
sector	9	23		26	27	27	27	42	41	26		12	25	10	10	10	6	12
sector	8	23		25	26	26	26	41	40	25		13	26	11	11	11	-1	13
sector	7	23		24	25	25	25	40	39	24		14	27	12	12	12	-1	14
sector	6	23		23	24	24	24	39	38	23		15	28	13	13	13	5	15
sector	5	23		22	23	23	23	38	37	22		16	29	14	14	14	5	16
sector	4	23		21	22	22	22	37	36	21		17	30	15	15	15	-1	17
sector	3	23		20	21	21	21	36	35	20		18	31	16	16	16	-1	18
sector	2	23		19	20	20	20	35	34	19		19	32	17	17	17	4	19
sector	1	23		18	19	19	19	34	33	18		20	33	18	18	18	4	20
sector	0	23		17	18	18	18	33	32	17		-1	34	19	19	19	-1	-1
sector	16	23		15	15	16	16	31	30	15		22	22	35	-1	-1	7	22
sector	15	23		14	14	15	15	30	29	14		23	23	35	21	21	8	23
sector	14	23		13	13	14	14	29	28	13		24	24	35	22	22	9	24
sector	13	23		12	12	13	13	28	27	12		25	25	35	23	23	10	25
sector	12	23		11	11	12	12	27	26	11		26	26	35	24	24	11	26
sector	11	23		10	10	11	11	26	25	10		27	27	35	25	25	12	27
sector	10	23		9	9	10	10	25	24	9		28	28	35	26	26	13	28
sector	9	23		8	8	9	9	24	23	8		29	29	35	27	27	14	29
sector	8	23		7	7	8	8	23	22	7		30	30	35	28	28	15	30
sector	7	23		6	6	7	7	22	21	6		31	31	35	29	29	16	31
sector	6	23		5	5	6	6	21	20	5		32	32	35	30	30	17	32
sector	5	23		4	4	5	5	20	19	4		33	33	35	31	31	18	33
sector	4	23		3	3	4	4	19	18	3		34	34	35	32	32	19	34
sector	0	23		2	2	3	3	18	17	2		-1	-1	35	33	33	20	-1
sector	0	23		0	1	16	15	14	13	12	11	10	9	8	7	6	5	4	3	2		-1	-1	-1	21	22	23	24	25	26	27	28	29	30	31	32	33	34

player	24	28	1	0