vertex	9	36	38
vertex	11	34	40
vertex	13	34	36	38	40
vertex	14	36	38
vertex	15	36	38
vertex	16	36	38
vertex	17	35	36	38	39
vertex	18	35	39
vertex	20	35	39
vertex	21	35	39
vertex	22	35	39
vertex	24	29	33	41	45
vertex	34	29	31	33	35	37	39	41	43	45
vertex	35	29	31	32	33	34	35	36	37	38	39	40	41	42	43	45
vertex	37	29	31	32	33	34	35	36	37	38	39	40	41	42	43
vertex	38	31	33	35	37	39	41
vertex	39	29	31	33	35	37	39	41	43	45
vertex	41	29	45
vertex	43	29	45
vertex	45	29	41	43	45
vertex	57	12

sector	13	23		74	75	76	77	78	79	80	81	82	84	86	90	89	88	87	85	83		-1	-1	1	-1	2	-1	3	-1	7	-1	-1	-1	-1	-1	-1	-1	-1
sector	13	23		68	69	76	75		-1	4	-1	0
sector	13	23		70	71	78	77		-1	5	-1	0
sector	13	23		72	73	80	79		-1	6	-1	0
sector	16	20		55	56	57	69	68		-1	19	18	-1	1
sector	16	20		59	60	61	71	70		-1	15	14	-1	2
sector	16	20		63	64	65	73	72		-1	11	10	-1	3
sector	13	23		52	53	82	81	67		8	-1	-1	0	-1
sector	12	23		51	52	67	66		9	21	7	-1
sector	11	23		50	51	66	65		10	21	8	-1
sector	10	23		49	50	65	64		11	-1	9	6
sector	9	23		48	49	64	63		12	-1	10	6
sector	8	23		47	48	63	62		13	22	11	-1
sector	7	23		46	47	62	61		14	22	12	-1
sector	6	23		45	46	61	60		15	-1	13	5
sector	5	23		44	45	60	59		16	-1	14	5
sector	4	23		43	44	59	58		17	23	15	-1
sector	3	23		42	43	58	57		18	23	16	-1
sector	2	23		41	42	57	56		19	-1	17	4
sector	1	23		40	41	56	55		20	-1	18	4
sector	0	23		39	40	55	54		-1	24	19	-1
sector	0	23		36	37	52	51	50		-1	25	-1	8	9
sector	0	23		34	35	48	47	46		-1	25	-1	12	13
sector	0	23		32	33	44	43	42		-1	25	-1	16	17
sector	0	23		30	31	40	39		-1	25	-1	20
sector	0	23		26	27	28	29	38	37	36	35	34	33	32	31	30		-1	-1	26	-1	-1	-1	21	-1	22	-1	23	-1	24
sector	0	10		24	25	28	27		-1	27	-1	25
sector	0	0		22	23	25	24		-1	28	-1	26
sector	2	20		14	15	15	16	16	17	19	21	23	22	20	18		-1	-1	-1	29	-1	-1	-1	-1	-1	27	-1	-1
sector	3	20		12	13	16	15		-1	30	-1	28
sector	4	20		10	11	13	12		-1	31	-1	29
sector	5	20		8	9	11	10		-1	32	-1	30
sector	6	20		5	6	6	9	8	5		-1	33	-1	-1	31	-1
sector	7	20		0	1	3	7	6	5	4	2		-1	-1	-1	-1	-1	32	-1	-1

player	37	42	1	0