vertex	15	42	44	45	46	47	49
vertex	16	41	50
vertex	17	40
vertex	18	39	43	44	45	46	47	48	50
vertex	19	36	38	42
vertex	20	41
vertex	21	34	40
vertex	23	34	36	38	40
vertex	24	36	38
vertex	25	36	38
vertex	26	36	38
vertex	27	35	36	38	39
vertex	28	23	25	35	39
vertex	30	23	25	35	39
vertex	31	35	39
vertex	32	23	25	35	39
vertex	34	23	25	29	33	41	45
vertex	36	23	25
vertex	38	23	25
vertex	40	23	25
vertex	42	23	25
vertex	44	23	25	26	27	28	29	31	33	35	37	39	41	43	45
vertex	45	29	31	32	33	34	35	36	37	38	39	40	41	42	43	45	48	50
vertex	46	23	25
vertex	47	29	31	32	33	34	35	36	37	38	39	40	41	42	43
vertex	48	23	25	31	33	35	37	39	41
vertex	49	28	29	31	33	35	37	39	41	43	45	46	48	50
vertex	50	23	25
vertex	51	28	29	45	46
vertex	52	23	25
vertex	53	28	29	45	46
vertex	54	23	25
vertex	55	28	29	41	43	45	46	48	50
vertex	56	23	25	26	28	41	43
vertex	57	41	43	46
vertex	58	23	28	41
vertex	59	41	43	46	48

sector	13	23		121	122	123	124	125	126	127	128	129	137	143	151	150	149	148	142	136		69	-1	1	-1	2	-1	3	-1	7	45	46	47	-1	51	-1	71	70
sector	13	23		114	115	123	122		-1	4	-1	0
sector	13	23		116	117	125	124		-1	5	-1	0
sector	13	23		118	119	127	126		-1	6	-1	0
sector	16	20		99	100	101	115	114		-1	19	18	-1	1
sector	16	20		103	104	105	117	116		-1	15	14	-1	2
sector	16	20		107	108	109	119	118		-1	11	10	-1	3
sector	13	23		92	92	93	129	128	111		8	-1	-1	-1	0	-1
sector	12	23		91	91	92	111	110		9	-1	21	7	-1
sector	11	23		90	90	91	110	109		10	-1	21	8	-1
sector	10	23		89	90	109	108		11	-1	9	6
sector	9	23		88	88	89	108	107		12	-1	-1	10	6
sector	8	23		87	87	88	107	106		13	-1	22	11	-1
sector	7	23		86	86	87	106	105		14	-1	22	12	-1
sector	6	23		85	86	105	104		15	-1	13	5
sector	5	23		84	84	85	104	103		16	-1	-1	14	5
sector	4	23		83	83	84	103	102		17	-1	23	15	-1
sector	3	23		82	82	83	102	101		18	-1	23	16	-1
sector	2	23		81	82	101	100		19	-1	17	4
sector	1	23		80	80	81	100	99		20	-1	-1	18	4
sector	0	23		79	79	80	99	98		-1	-1	24	19	-1
sector	0	23		76	77	92	91	90		-1	25	-1	8	9
sector	0	23		74	75	88	87	86		-1	25	-1	12	13
sector	0	23		72	73	84	83	82		-1	25	-1	16	17
sector	0	23		70	71	80	79		-1	25	-1	20
sector	0	23		53	54	55	56	78	77	76	75	74	73	72	71	70		-1	-1	26	-1	-1	-1	21	-1	22	-1	23	-1	24
sector	0	10		49	50	55	54		-1	27	-1	25
sector	0	0		45	46	50	49		-1	28	-1	26
sector	0	20		33	34	34	35	35	36	40	44	46	45	43	39	39		-1	-1	-1	29	-1	-1	-1	-1	-1	27	-1	52	-1
sector	1	20		31	32	35	34		-1	30	-1	28
sector	2	20		29	30	32	31		-1	31	-1	29
sector	3	20		27	28	30	29		-1	32	-1	30
sector	4	20		24	25	28	27		-1	33	-1	31
sector	5	20		17	18	18	22	26	25	24	23	21		-1	-1	-1	34	-1	-1	32	-1	-1
sector	6	20		9	20	22	18		-1	35	-1	33
sector	7	20		8	19	20	9		-1	36	-1	34
sector	8	20		6	10	10	10	19	8	6		-1	37	-1	-1	-1	35	-1
sector	9	20		0	1	1	11	11	10	6		-1	-1	-1	38	-1	-1	36
sector	10	20		1	2	12	11		37	-1	39	-1
sector	11	20		2	3	13	12		38	-1	40	-1
sector	12	20		3	4	4	14	14	13		39	-1	-1	41	-1	-1
sector	13	20		4	5	7	16	15	15	14		40	-1	-1	-1	42	-1	-1
sector	13	23		15	16	95	94		-1	41	-1	43
sector	13	23		94	95	132	131		-1	42	-1	44
sector	13	23		130	131	132	154	153	152	144	138		45	-1	43	-1	-1	48	47	46
sector	17	19		129	130	138	137		0	-1	44	46
sector	19	21		137	138	144	143		0	45	44	47
sector	17	19		143	144	152	151		0	46	44	-1
sector	13	23		152	153	170	169	163		-1	44	-1	-1	49
sector	13	23		162	163	169	168		50	-1	48	-1
sector	13	23		159	160	162	168	167	166	161		-1	51	-1	49	-1	-1	-1
sector	0	0		149	150	160	159		-1	0	-1	50
sector	0	10		38	39	43	42	38		-1	-1	28	-1	53
sector	0	23		37	38	42	41		-1	-1	52	54
sector	1	23		41	42	48	47		-1	53	-1	55
sector	2	23		47	48	52	51		-1	54	-1	56
sector	3	23		51	52	58	57		-1	55	-1	57
sector	4	23		57	58	60	59		-1	56	-1	58
sector	5	23		59	60	62	61		-1	57	-1	59
sector	6	23		61	62	64	63		-1	58	-1	60
sector	7	23		63	64	66	65		-1	59	-1	61
sector	8	23		65	66	97	96		-1	60	-1	62
sector	9	23		96	97	113	112		-1	61	-1	63
sector	10	23		112	113	134	133		-1	62	-1	64
sector	11	23		133	134	140	139		-1	63	-1	65
sector	12	23		139	140	146	145		-1	64	-1	66
sector	13	23		145	146	156	155	155		-1	65	-1	67	-1
sector	13	23		155	156	157	158	165	164		-1	66	-1	68	-1	-1
sector	13	23		67	68	69	120	135	141	147	158	157		-1	-1	-1	-1	69	70	71	-1	67
sector	17	19		120	121	136	135		68	-1	0	70
sector	19	21		135	136	142	141		68	69	0	71
sector	17	19		141	142	148	147		68	70	0	-1

player	37	52	1	0