vertex	0	6	7
vertex	1	1	5	8	12	13	14	15	16	17	19
vertex	3	1	5	8	12	13	14	15	16	17	19	22	25	26
vertex	4	6	7	22	25
vertex	5	1	2
vertex	6	1	3	17	19	25	26
vertex	7	1	3
vertex	8	1	2
vertex	9	18	19	25	26
vertex	12	18	19	22	25	26
vertex	13	18	22	26

sector	0	10		2	3	13	12		-1	-1	1	-1
sector	0	0		0	1	4	14	26	25	25	13	3		-1	-1	-1	2	-1	-1	-1	18	0
sector	0	20		4	5	15	14		1	-1	3	-1
sector	2	22		5	6	16	15		2	-1	4	-1
sector	4	24		6	7	17	16		3	-1	5	-1
sector	6	26		7	8	18	17		4	-1	6	-1
sector	8	28		8	9	19	18		5	-1	7	-1
sector	8	28		9	10	20	20	20	19		6	-1	8	-1	-1	-1
sector	10	30		10	11	21	20		7	-1	-1	9
sector	10	30		20	21	34	33		-1	8	-1	10
sector	10	20		33	34	42	42	42	41	41		-1	9	-1	-1	-1	11	-1
sector	10	10		41	42	46	45		-1	10	-1	12
sector	10	8		45	46	47	51	51	50		-1	11	-1	13	-1	-1
sector	10	6		47	48	49	52	51		12	-1	14	-1	-1
sector	10	8		43	43	44	44	49	48	43		-1	-1	15	-1	-1	13	-1
sector	10	6		35	36	44	43		-1	16	-1	14
sector	10	8		23	24	36	35	28		17	-1	-1	15	-1
sector	10	6		22	23	28	27		-1	-1	16	-1
sector	0	8		13	25	32	30		-1	1	-1	19
sector	2	12		29	30	32	38	40	39	37	31		-1	-1	18	-1	-1	-1	-1	-1

player	3	2	1	0