vertex	20	22	26	27	28	29	30	31	32	33	34	35	36	38
vertex	21	20	22	40	42
vertex	22	19	23	24	26	27	28	29	30	31	32	33	34	35	36	38	39	43
vertex	23	27	28	29	30	32	33	34	35
vertex	24	19	23	24	26	27	35	36	38	39	43
vertex	25	20	22	40	42
vertex	27	20	22	40	42
vertex	28	19	23	24	38	39	43
vertex	30	19	23	24	38	39	43
vertex	31	20	22	24	38	40	42
vertex	33	20	22	24	38	40	42
vertex	34	19	23	24	38	39	43
vertex	36	19	23	24	38	39	43
vertex	37	20	22	40	42
vertex	39	20	22	40	42
vertex	40	19	23	24	26	27	35	36	38	39	43
vertex	41	27	28	29	30	32	33	34	35
vertex	42	19	23	24	26	27	28	29	30	31	32	33	34	35	36	38	39	43
vertex	43	20	22	40	42
vertex	44	24	26	27	28	29	30	31	32	33	34	35	36	40
vertex	45	19	20	22	23	26	28	30	32	34	36	39	40	42	43
vertex	46	23	25	29	33	37	39
vertex	48	23	25	29	33	37	39
vertex	49	19	23	26	28	30	32	34	36	39	43

sector	10	20		162	163	173	179	187	186	178	172		-1	4	-1	2	-1	-1	-1	1
sector	10	20		160	161	172	178	185	184	177	171		-1	3	-1	0	-1	-1	-1	6
sector	10	20		164	165	174	180	189	188	179	173		-1	5	-1	10	-1	-1	-1	0
sector	13	17		144	145	146	146	161	160	144		-1	24	23	-1	-1	1	-1
sector	13	17		148	149	150	150	163	162	148		-1	20	19	-1	-1	0	-1
sector	13	17		152	153	154	154	154	165	164	152		-1	16	15	-1	-1	-1	2	-1
sector	10	20		170	171	177	176		7	-1	1	-1
sector	10	20		156	157	158	159	170	176	183	182		-1	-1	8	-1	-1	6	-1	-1
sector	10	20		139	140	158	157		-1	9	-1	7
sector	10	20		100	101	105	123	140	139	122	104		-1	34	-1	27	-1	8	-1	-1
sector	10	20		174	175	181	180		2	-1	11	-1
sector	10	20		166	167	168	169	191	190	181	175		-1	-1	12	-1	-1	-1	-1	10
sector	10	20		141	142	168	167	155		14	13	-1	11	-1
sector	10	20		102	103	113	138	142	141	137	137	112	112	112		-1	38	-1	-1	-1	12	14	14	26	-1	-1
sector	10	20		135	135	136	136	137	137	141	155	154	135		-1	-1	28	-1	26	13	13	12	-1	15
sector	9	20		134	135	154	153		16	-1	14	5
sector	8	20		133	134	153	152		17	-1	15	5
sector	7	20		132	133	133	152	151		18	33	-1	16	-1
sector	6	20		131	132	132	151	150		19	-1	-1	17	-1
sector	5	20		130	131	150	149		20	-1	18	4
sector	4	20		129	130	149	148		21	-1	19	4
sector	3	20		128	129	148	147		22	-1	20	-1
sector	2	20		127	128	128	147	146		23	32	-1	21	-1
sector	1	20		126	127	127	146	145		24	-1	-1	22	3
sector	0	20		125	126	145	144		25	-1	23	3
sector	0	20		124	125	144	143		-1	29	24	-1
sector	13	17		111	112	137	136		28	-1	13	14
sector	13	17		105	106	106	124	123		9	-1	-1	29	-1
sector	0	20		110	111	111	136	135		-1	30	-1	26	14
sector	0	20		106	107	107	125	124		27	30	-1	-1	25
sector	0	20		44	45	45	46	47	47	48	49	63	69	75	81	87	93	111	110	109	109	108	107	106	92	86	80	74	68	62		-1	50	-1	-1	54	-1	-1	51	-1	49	-1	-1	-1	48	-1	28	-1	-1	31	-1	29	-1	46	-1	-1	-1	47
sector	0	20		108	109	121	120	119	118	117	116	115	114		-1	30	-1	-1	33	-1	-1	-1	32	-1
sector	0	20		115	116	128	127		-1	31	-1	22
sector	0	20		119	120	133	132		-1	31	-1	17
sector	0	30		96	97	101	100		-1	35	-1	9
sector	0	30		78	79	85	85	85	91	91	97	96	90	84		-1	36	-1	-1	-1	46	-1	-1	34	-1	-1
sector	0	30		72	73	73	79	78		-1	37	-1	-1	35
sector	0	30		56	56	57	57	61	61	67	67	73	72	66	60	56		-1	-1	42	-1	-1	-1	47	-1	-1	36	-1	-1	-1
sector	0	30		98	99	103	102		-1	39	-1	13
sector	0	30		82	83	89	95	99	98	94	88	88		-1	40	-1	-1	-1	38	-1	48	-1
sector	0	30		76	77	77	83	82	76		-1	41	-1	-1	39	-1
sector	0	30		58	59	65	71	77	76	70	64		-1	44	-1	-1	-1	40	-1	49
sector	0	30		52	53	57	56		-1	43	-1	37
sector	0	30		13	14	18	43	53	52	42	17		-1	-1	57	52	-1	42	-1	-1
sector	0	30		54	55	59	58		-1	45	-1	41
sector	0	30		15	16	33	51	55	54	50	32		-1	-1	-1	-1	-1	44	-1	53
sector	13	17		85	86	92	91		35	-1	30	-1
sector	13	17		61	62	68	67		37	-1	30	-1
sector	13	17		87	88	94	93		30	-1	39	-1
sector	13	17		63	64	70	69		30	-1	41	-1
sector	0	20		19	20	45	44		52	57	-1	30
sector	0	20		30	31	49	48		-1	68	53	30
sector	13	17		18	19	44	43		43	57	50	-1
sector	13	17		31	32	50	49		51	-1	45	-1
sector	0	20		34	35	36	37	38	39	40	41	47	46		-1	-1	-1	55	-1	56	-1	-1	-1	30
sector	0	20		23	24	37	36		-1	61	-1	54
sector	0	20		26	27	39	38		-1	64	-1	54
sector	10	20		0	1	20	19	18	14		-1	-1	58	50	52	43
sector	9	20		1	2	21	20		57	-1	59	-1
sector	8	20		2	3	22	21		58	-1	60	-1
sector	7	20		3	4	23	22		59	-1	61	-1
sector	6	20		4	5	24	23		60	-1	62	55
sector	5	20		5	6	25	24		61	-1	63	-1
sector	5	20		6	7	26	25		62	-1	64	-1
sector	4	20		7	8	27	26		63	-1	65	56
sector	3	20		8	9	28	27		64	-1	66	-1
sector	2	20		9	10	29	28		65	-1	67	-1
sector	1	20		10	11	30	29		66	-1	68	-1
sector	0	20		11	12	31	30		67	-1	-1	51

player	31	47	1	0