vertex	2	1	4	7	10	13	16	19	22
vertex	5	1	4	7	10	13	16	19	22
vertex	8	1	4	7	10	13	16	19	22
vertex	11	1	4	7	10	13	16	19	22
vertex	14	1	4	7	10	13	16	19	22




sector	0	28		0	1	9	8		-1	-1	1	7
sector	2	28		1	2	10	9		0	-1	2	8
sector	0	28		2	3	11	10		1	-1	3	9
sector	0	28		3	4	12	11		2	-1	4	10
sector	0	28		4	5	13	12		3	-1	5	11
sector	0	28		5	6	14	13		4	-1	6	12
sector	18	28		6	7	15	14		5	-1	-1	13
sector	-4	28		8	9	17	16		-1	0	8	14
sector	0	28		9	10	18	17		7	1	9	15
sector	0	28		10	11	19	18		8	2	10	16
sector	6	28		11	12	20	19		9	3	11	17
sector	0	28		12	13	21	20		10	4	12	18
sector	0	28		13	14	22	21		11	5	13	19
sector	0	28		14	15	23	22		12	6	-1	20
sector	-8	28		16	17	25	24		-1	7	15	21
sector	0	28		17	18	26	25		14	8	16	22
sector	0	28		18	19	27	26		15	9	17	23
sector	0	28		19	20	28	27		16	10	18	24
sector	0	28		20	21	29	28		17	11	19	25
sector	0	28		21	22	30	29		18	12	20	26
sector	16	28		22	23	31	30		19	13	-1	27
sector	-12	28		24	25	33	32		-1	14	22	-1
sector	0	28		25	26	34	33		21	15	23	-1
sector	10	28		26	27	35	34		22	16	24	-1
sector	0	28		27	28	36	35		23	17	25	-1
sector	14	28		28	29	37	36		24	18	26	-1
sector	0	28		29	30	38	37		25	19	27	-1
sector	0	28		30	31	39	38		26	20	-1	-1

player	6	13	0	22