vertex	1	1	5	6	8	9	10	11	12	13	15
vertex	3	1	5	6	8	9	10	11	12	13	15
vertex	5	1	5	6	8	9	10	11	12	13	15
vertex	7	1	2	3	5	6	8	9	10	11	12	13	15

sector	0	10		0	1	11	10		-1	-1	1	-1
sector	0	0		1	2	12	11		0	-1	2	-1
sector	0	22		2	3	13	12		1	-1	3	-1
sector	1	22		3	4	14	13		2	-1	4	-1
sector	2	22		4	5	15	14		3	-1	5	-1
sector	3	22		5	6	16	15		4	-1	6	-1
sector	4	22		6	7	17	16		5	-1	7	-1
sector	5	22		7	8	8	18	18	17		6	-1	-1	8	8	-1
sector	6	22		8	9	19	19	18	18		7	-1	-1	-1	9	7
sector	6	22		18	19	29	29	28		-1	8	-1	-1	10
sector	6	22		28	29	41	40		11	9	-1	-1
sector	7	22		27	28	40	39		12	-1	10	-1
sector	8	22		26	27	39	38		13	-1	11	-1
sector	9	22		25	26	38	37		14	-1	12	-1
sector	10	22		24	25	37	36		15	-1	13	-1
sector	11	22		23	24	36	35		16	-1	14	-1
sector	12	22		22	23	35	34		17	-1	11	-1
sector	0	0		21	22	34	33		18	-1	16	-1
sector	12	22		20	21	33	32	31	30		-1	18	17	-1	19	-1
sector	14	18		31	32		-4	-1

player	8	5	1	18

map	maps/m2