vertex	1	6	8
vertex	2	1	5	9	11	12	13	14	15	16	17
vertex	4	1	5	9	11	12	13	14	15	16	17
vertex	5	2	4	6	8
vertex	6	1	5
vertex	7	6
vertex	8	1	5	6	7	8	9	10	12	13	19	20
vertex	9	2	4	7	8	9	10	13
vertex	11	19	20

sector	0	10		2	3	13	12		-1	-1	1	-1
sector	0	0		0	1	4	14	25	24	13	3		-1	-1	-1	2	-1	-1	3	0
sector	0	20		4	5	15	14		1	-1	5	-1
sector	0	8		13	24	27	23		-1	1	-1	4
sector	2	10		22	23	27	30	41	40	29	26		-1	-1	3	18	-1	-1	20	-1
sector	2	22		5	6	16	15		2	-1	6	-1
sector	4	24		6	7	17	16		5	-1	7	-1
sector	6	26		7	8	18	17		6	-1	8	-1
sector	8	28		8	9	19	18		7	-1	9	-1
sector	10	30		9	10	20	19		8	-1	10	11
sector	10	30		10	11	21	20		9	-1	-1	12
sector	10	30		19	20	37	36		-1	9	-1	13
sector	10	30		20	21	39	38		-1	10	-1	19
sector	8	28		35	36	37	46	45		14	-1	11	-1	-1
sector	6	26		34	35	45	44		15	-1	13	-1
sector	4	24		33	34	44	43		16	-1	14	-1
sector	2	14		32	33	43	42		17	-1	15	-1
sector	0	10		28	32	42	31		18	-1	16	-1
sector	5	7		27	28	31	30		4	-1	17	-1
sector	14	15		38	39	48	47		-1	12	-1	-1
sector	4	7		29	40		-4	-1

player	3	3	1	0

map	maps/m3