vertex	1	1	5	7	11	13	17	19
vertex	3	1	5	7	11	13	17	19
vertex	6	14	15	16	17	18	19	20	21	22
vertex	7	5	7	11	13	14	15	16	17	18	19	20	21
vertex	9	5	7	11	13
vertex	14	14	15	16	17	18	19	20	21
vertex	15	14	17

sector	0	20		0	1	8	7		-1	-1	1	-1
sector	0	20		1	2	9	8		0	-1	-1	2
sector	0	20		8	9	24	23		-1	1	-1	3
sector	0	20		23	24	36	35		-1	2	4	-1
sector	0	20		24	25	37	36		3	-1	5	-1
sector	0	20		25	26	38	37		4	6	-1	-1
sector	0	20		10	11	26	25		-1	7	-1	5
sector	0	20		3	4	11	10		-1	-1	8	6
sector	0	20		4	5	12	11		7	-1	9	-1
sector	0	20		5	6	13	12		8	-1	-1	10
sector	0	20		12	13	22	21	20	19	18	17	16	15	14		20	9	-1	-1	14	-1	13	-1	12	-1	11
sector	-10	20		14	15	28	27		-1	10	-1	15
sector	-10	20		16	17	30	29		-1	10	-1	16
sector	-10	20		18	19	32	31		-1	10	-1	17
sector	-10	20		20	21	34	33		-1	10	-1	18
sector	-10	-2		27	28	40	39		-1	11	-1	19
sector	-10	-2		29	30	42	41		-1	12	-1	19
sector	-10	-2		31	32	44	43		-1	13	-1	-1
sector	-10	-2		33	34	46	45		-1	14	-1	-1
sector	-10	-2		39	40	41	42	48	47		-1	15	-1	16	-1	-1
sector	4	16		14	12		-4	-1

player	3	2	1	0

map	EXIT