vertex	9	1	2	4	6	8	10	11	13	15
vertex	10	6	8	10	11	13
vertex	11	1	2	4	6	8	10	11	13	15
vertex	12	1	2
vertex	14	1	2




sector	2	16		26	25	26	25		-1	-1	-1	-1
sector	1	16		0	1	15	14		-1	-1	2	-1
sector	0	16		1	2	16	15		1	-1	3	-1
sector	1	16		2	3	9	17	16		2	-1	4	5	-1
sector	2	16		3	4	10	9		3	-1	6	5
sector	4	16		9	10	18	17		3	4	7	-1
sector	5	16		4	5	11	10		4	-1	8	7
sector	6	16		10	11	19	18		5	6	9	-1
sector	7	16		5	6	12	11		6	-1	10	9
sector	8	17		11	12	20	19		7	8	11	-1
sector	10	17		6	7	13	12		8	-1	12	11
sector	10	18		12	13	21	20		9	10	12	-1
sector	11	19		7	8	22	21	13		10	-1	-1	-1	11

player	5	10	1	3