vertex	0	1	3	10	26	37	62	67	70	77	80	85	97	99	104	107	124	127	132
vertex	2	1	3	6	7	10	12	14	16	18	20	22	24	26	31	32	37
vertex	3	0	1	3	4	5	6	7	8	9	10	11	15	19	25	26	31	32	33	34	35	36	37	38	39	41
vertex	4	2	3	4	5	6	7	8	9	10
vertex	5	3	4	5	6	7	8	9	10	11	25	26	29	34	35	36	37	38	39	40	41	62	67	70	77	80	85	95	97
vertex	6	3	4	5	6	7	8	9	10	11	12	24	25	97	99
vertex	7	3	4	5	6	7	8	9	10	12	13	23	24
vertex	8	2	3	4	5	6	7	8	9	10	13	14	22	23	26	31	32	34	35	36	37	38	41	62	67	70	77	80	85	95	97	99	104	107	124	127	132
vertex	9	0	1	3	4	5	6	7	8	9	10	14	15	21	22	26	27	34	35	36	37	38	40	41
vertex	10	3	4	5	6	7	8	9	10	12	13	15	16	20	21	22	25	26	34	35	36	37	41
vertex	11	2	7	12	13	14	16	17	19	20	22	23	24	25	27	28	34	35	41	99	104	107	124	127	132
vertex	12	2	6	7	12	13	14	20	26	29	31	32	34	41
vertex	13	0	1	6	7	11	12	13	14	19	21	41
vertex	14	0	2	3	6	7	11	14	18	19	20	23	24	28	32	33	41
vertex	15	17	18	19	27	31	32	33	41	62	67	70	77	80	85
vertex	16	0	2	6	7	14	15	17	18	26	29
vertex	17	0	2	3	6	15	23	26	29	41
vertex	18	0	1	3	7	9	11	13	15	17	19	22	40	62	67	70	77	80	85
vertex	19	2	3	18	20	30	31	32	33	34	35
vertex	20	7	9	11	13	15	17	19	21	27	29	30	33	34
vertex	21	3	6	7	9	18	20	27	34	56	58	60	62
vertex	22	2	3	5	6	7	9	11	13	15	17	18	19	21	27	34
vertex	23	0	1	5	7	9	20	22	27	34	35	56	58	60	62	67	70	77	80	85
vertex	24	0	5	6	7	9	11	13	15	17	19	21	23	26	27	28	29	30	31	32	35
vertex	25	8	10	13	18	23
vertex	26	9	11	13	17	18	23	42	56
vertex	27	10	12
vertex	28	11	13	17	36	38	39	41	99	104	107	124	127	132
vertex	29	12	14	17	18
vertex	30	35	36	42	44	46	48	50	52	56	58	60
vertex	31	35	36	38	99	104	107	124	127	132
vertex	32	35	36	38	39	44	46	48	50	52
vertex	33	35	36	38	39	41	42	43	44
vertex	34	23	28	29	30	31	32	33	35	41	42	43	44	46	48	50	52	56	60
vertex	35	28	29	30	31	32	33	35	40	41	42	43	44
vertex	36	35	39	40	41	42	43	44	46	48	50	52
vertex	37	31	32	35	39	40	41	42	43	44
vertex	38	28	31	32	35	40	41	42	43	44	45	46	47	48	50	52	56
vertex	39	30	35	41	42	43	99	104	107	124	127	132
vertex	40	35	42	43	45	47	49	52
vertex	41	35	43
vertex	42	35	43	45	47	49	52	56
vertex	44	35	56
vertex	159	169	170	171	172	173	174
vertex	160	167	168	169	170	171	172	173	174
vertex	161	167	168	169	170	171	172	173	174
vertex	162	167	168	169	170	171	172	173	174
vertex	163	167	168	169	170	171	172	173	174
vertex	164	167	168	169	170	171	172	173	174
vertex	165	167	168	169	170	171	172	173	174
vertex	166	167	168	169	170	171	172	173	174
vertex	169	10















































sector	40	58		0	1	19	18		-1	-1	1	-1
sector	40	58		1	2	22	21	20	19		0	-1	53	-1	2	-1
sector	40	58		20	21	40	39		-1	1	-1	3
sector	22	58		39	40	64	63		5	2	4	8
sector	22	58		40	41	65	64		3	-1	20	9
sector	22	58		38	39	63	62		19	-1	3	7
sector	40	58		61	62	70	69		28	19	7	17
sector	22	58		62	63	71	70		6	5	8	11
sector	40	58		63	64	72	71		7	3	9	12
sector	22	58		64	65	73	72		8	4	10	13
sector	40	58		65	66	74	73		9	20	22	23
sector	22	58		70	71	99	98		17	7	12	16
sector	22	58		71	72	100	99		11	8	13	15
sector	22	58		72	73	101	100		12	9	23	14
sector	22	58		100	101	115	114		15	13	25	35
sector	40	58		99	100	114	113		16	12	14	34
sector	22	58		98	99	113	112		18	11	15	33
sector	22	58		69	70	98	97		29	6	11	18
sector	40	58		97	98	112	111		30	17	16	32
sector	22	58		37	38	62	61		27	-1	5	6
sector	22	58		41	42	66	65		4	-1	21	10
sector	22	58		42	43	67	66		20	-1	-1	22
sector	22	58		66	67	75	74		10	21	-1	24
sector	22	58		73	74	102	101		13	10	24	25
sector	22	58		74	75	103	102		23	22	-1	26
sector	40	58		101	102	116	115		14	23	26	36
sector	22	58		102	103	117	116		25	24	-1	37
sector	22	58		36	37	61	60		-1	-1	19	28
sector	22	58		60	61	69	68		-1	27	6	29
sector	22	58		68	69	97	96		52	28	17	30
sector	22	58		96	97	111	110		52	29	18	31
sector	22	58		110	111	124	123		-1	30	32	38
sector	22	58		111	112	125	124		31	18	33	39
sector	22	58		112	113	126	125		32	16	34	40
sector	22	58		113	114	127	126		33	15	35	41
sector	22	58		114	115	128	127		34	14	36	42
sector	22	58		115	116	129	128		35	25	37	43
sector	22	58		116	117	130	129		36	26	-1	44
sector	22	58		123	124	161	160		-1	31	39	45
sector	40	58		124	125	162	161		38	32	40	46
sector	22	58		125	126	163	162		39	33	41	47
sector	40	58		126	127	164	163		40	34	42	48
sector	22	58		127	128	165	164		41	35	43	49
sector	40	58		128	129	166	165		42	36	44	50
sector	22	58		129	130	167	166		43	37	-1	51
sector	22	58		160	161	182	181		-1	38	46	-1
sector	24	58		161	162	183	182		45	39	47	-1
sector	26	58		162	163	184	183		46	40	48	-1
sector	28	58		163	164	185	184		47	41	49	-1
sector	30	58		164	165	186	185		48	42	50	-1
sector	32	58		165	166	187	186		49	43	51	-1
sector	36	58		166	167	188	187		50	44	-1	-1
sector	40	58		34	35	59	68	96	110	122	159	158		147	147	147	147	29	30	147	147	147
sector	40	58		2	3	30	29	28	27	26	25	24	23	22		1	-1	82	54	74	74	57	73	56	72	55
sector	40	58		29	30	48	47		74	53	-1	59
sector	40	58		22	23	44	43		-1	53	72	58
sector	40	58		24	25	45		72	53	73
sector	40	58		26	27	46		73	53	74
sector	40	58		43	44	76		-1	55	76
sector	40	58		47	48	77		76	54	-1
sector	40	58		77	107	106		75	-1	-1
sector	40	58		76	105	104		-1	75	-1
sector	42	58		105	119	118		-1	77	-1
sector	42	58		106	121	120		77	-1	-1
sector	44	58		119	132	131		-1	78	-1
sector	44	58		120	134	133		78	-1	-1
sector	44	58		132	169	168		-1	79	-1
sector	44	58		169	192	191		-1	80	-1
sector	44	58		133	171	170		79	-1	-1
sector	44	58		170	194	193		80	-1	-1
sector	44	58		193	211	210		81	-1	-1
sector	44	58		192	209	208		-1	81	-1
sector	44	58		23	24	45	44		55	53	56	76
sector	44	58		25	26	46	45		56	53	57	76
sector	44	58		27	28	29	47	46		57	53	53	54	76
sector	44	58		76	77	106	105		61	76	60	77
sector	44	58		44	45	46	47	77	76		58	72	73	74	59	75
sector	44	58		105	106	120	119		62	75	63	78
sector	44	58		119	120	133	132		64	77	65	79
sector	44	58		132	133	170	169		66	78	68	80
sector	44	58		169	170	193	192		67	79	69	81
sector	44	58		192	193	210	209		71	80	70	146
sector	44	58		3	4	33	32	31	30		53	-1	-1	-1	83	-1
sector	44	58		31	32	50	49		-1	82	-1	84
sector	44	58		49	50	80	79		85	83	86	94
sector	30	58		48	49	79	78		-1	-1	84	94
sector	42	58		50	51	81	80		84	-1	87	94
sector	40	58		51	52	82	81		86	-1	88	94
sector	38	58		52	53	83	82		87	-1	89	94
sector	36	58		53	54	84	83		88	-1	90	94
sector	34	58		54	55	85	84		89	-1	91	94
sector	32	58		55	56	86	85		90	-1	92	94
sector	30	58		56	57	87	86		91	-1	93	94
sector	28	58		57	58	87		92	-1	-1
sector	26	58		78	79	80	81	82	83	84	85	86	87	143	142	141	140	139	138	137	136	135		-1	85	84	86	87	88	89	90	91	92	-1	101	99	98	97	96	111	95	105
sector	44	58		136	137	237	236		105	94	111	125
sector	44	58		138	139	175	174		111	94	97	113
sector	44	58		139	140	176	175		96	94	98	114
sector	44	58		140	141	177	176		97	94	99	115
sector	44	58		141	142	178	177		98	94	101	116
sector	44	58		143	180	179		101	-1	102
sector	44	58		142	143	179	178		99	94	100	116
sector	44	58		179	180	202		116	100	-1
sector	44	58		135	173	172		-1	105	104
sector	44	58		172	173	197		-1	103	106
sector	44	58		135	136	236	173		103	94	95	110
sector	44	58		173	217	216	197		104	110	109	108
sector	44	58		216	235	234		108	109	124
sector	44	58		197	216	234		-1	106	107
sector	44	58		216	217	235		107	106	110
sector	44	58		173	236	235	217		106	105	124	109
sector	44	58		137	138	174	198	218	238	237		95	94	96	113	112	117	127
sector	44	58		198	199	219	218		111	113	118	117
sector	44	58		174	175	199	198		111	96	114	112
sector	44	58		175	176	200	199		113	97	115	118
sector	44	58		176	177	201	200		114	98	116	118
sector	44	58		177	178	179	202	201		115	99	101	102	118
sector	44	58		218	219	220	239	238		111	112	118	-1	128
sector	44	58		199	200	201	202	220	219		112	114	115	116	-1	117
sector	44	58		234	263	270		123	124	121
sector	44	58		263	271	290		121	124	133
sector	44	58		263	290	270		119	120	122
sector	44	58		270	290	289		123	121	131
sector	44	58		234	270	289		-1	119	122
sector	44	58		234	235	236	271	263		119	107	110	125	120
sector	44	58		236	237	264	272	271		124	95	127	126	133
sector	44	58		264	265	273	272		125	127	130	133
sector	44	58		237	238	265	264		125	111	129	126
sector	44	58		238	239	250		129	117	-1
sector	44	58		238	250	265		127	128	130
sector	44	58		250	266	273	265		129	-1	132	126
sector	44	58		289	290	298	297		-1	122	133	135
sector	44	58		266	274	273		130	-1	133
sector	44	58		271	272	273	274	298	290		120	125	126	132	134	131
sector	44	58		274	299	298		133	-1	137
sector	44	58		297	298	336		-1	131	136
sector	44	58		298	322	337	336		135	137	138	142
sector	44	58		298	299	311	327	326	325	324	323	322		136	134	-1	-1	143	141	140	139	138
sector	44	58		322	323	338	337		136	137	139	142
sector	44	58		323	324	339	338		138	137	140	142
sector	44	58		324	325	339		139	137	141
sector	44	58		325	326	340	339		140	137	143	142
sector	44	58		336	337	338	339	340	348	347	347	347		-1	136	138	139	141	143	144	144	144
sector	44	58		326	327	377	376	367	348	340		141	137	-1	-1	145	144	142
sector	44	58		347	347	348	367	366	366	366		166	142	142	143	145	145	145
sector	44	58		366	366	367	376	375		-1	144	144	143	-1
sector	44	58		209	210	286	285		-1	81	-1	158
sector	40	58		158	159	241	240		-1	52	-1	148
sector	44	58		240	241	242	254	253	252	251		-1	147	-1	151	-1	149	-1
sector	44	58		252	253	293	292	282		-1	148	-1	160	150
sector	44	58		281	282	292	291		-1	-1	149	-1
sector	44	58		228	229	243	255	254	242		-1	152	-1	-1	159	148
sector	44	58		203	204	229	228	227		-1	-1	153	151	-1
sector	44	58		204	205	206	231	230	229		152	-1	154	155	156	-1
sector	44	58		189	190	206	205		-1	-1	-1	153
sector	44	58		206	207	232	231		153	-1	-1	-1
sector	44	58		230	231	246	245		-1	153	-1	157
sector	44	58		244	245	246	247	257	256		-1	-1	156	-1	-1	-1
sector	44	58		283	284	285	286	295	294		-1	159	-1	146	-1	-1
sector	44	58		254	255	284	283		-1	151	-1	158
sector	44	58		292	293	302	319	318		-1	149	-1	-1	161
sector	44	58		318	319	341	354	353		-1	160	-1	162	-1
sector	44	58		341	342	356	355	354		161	-1	-1	163	-1
sector	44	58		355	356	389	388	370		-1	162	-1	-1	164
sector	44	58		368	369	370	388	387		-1	165	-1	163	-1
sector	44	58		300	301	369	368		-1	-1	-1	164
sector	44	58		296	347	366	310		167	-1	144	-1
sector	44	58		261	262	296	310		-1	168	-1	166
sector	44	58		214	215	262	261		-1	169	-1	167
sector	44	58		195	196	215	214	213	212		-1	-1	-1	168	-1	170
sector	44	58		212	213	249	233		-1	169	-1	171
sector	44	58		233	249	260	248		-1	170	-1	173
sector	44	58		248	259	258		-1	173	175
sector	44	58		248	260	259		172	171	174
sector	44	58		259	260	269		175	173	-1
sector	44	58		258	259	269	268		176	172	174	-1
sector	44	58		258	268	267		-1	175	178
sector	44	58		267	288	287		-1	178	179
sector	44	58		267	268	288		177	176	-1
sector	44	58		287	288	309	320		-1	177	-1	180
sector	44	58		309	321	334	320		179	-1	181	-1
sector	44	58		321	335	346	334		180	-1	-1	182
sector	44	58		334	346	364	345		-1	181	183	-1
sector	44	58		346	365	373	364		182	-1	184	185
sector	44	58		365	374	397	373		183	-1	-1	-1
sector	44	58		362	363	364	373	396	395		186	-1	-1	183	-1	-1
sector	44	58		361	362	395	394		187	188	185	-1
sector	44	58		360	361	394	393		199	-1	186	-1
sector	44	58		332	333	362	361		-1	189	-1	186
sector	44	58		307	308	333	332		190	-1	-1	188
sector	44	58		306	307	332	331		191	-1	189	-1
sector	44	58		305	306	331	330		192	-1	190	-1
sector	44	58		304	305	330	329		193	-1	191	-1
sector	44	58		303	304	329	328		-1	-1	192	194
sector	44	58		328	329	344	343		-1	193	-1	195
sector	44	58		343	344	358	357		-1	194	-1	196
sector	44	58		357	358	372	371		-1	195	-1	197
sector	44	58		371	372	391	390		-1	196	-1	198
sector	44	58		390	391	408	407		-1	197	-1	200
sector	44	58		359	360	393	392		-1	-1	187	-1
sector	44	58		407	408	413	412		-1	198	-1	201
sector	44	58		412	413	421	420		-1	200	-1	202
sector	44	58		420	421	423	422		-1	201	-1	203
sector	44	58		422	423	436	435		-1	202	204	-1
sector	44	58		423	424	437	436		203	-1	205	-1
sector	44	58		415	416	438	437	424		-1	206	-1	-1	204
sector	44	58		409	410	416	415	414		-1	-1	-1	205	-1
sector	44	58		414	415	424	421		-1	-1	-1	-1
sector	44	58		410	411	417	417	416		-1	-1	209	-1	-1
sector	44	58		398	399	400	401	402	403	404	405	406	439	450	459	468	483	483	482	481	480	479	478	477	476	417	411		-1	-1	-1	-1	-1	-1	-1	-1	-1	-1	210	-1	211	-1	-1	-1	214	-1	213	-1	212	-1	-1	208
sector	44	58		439	440	440	451	451	450		209	-1	-1	216	-1	-1
sector	44	58		459	460	460	469	469	468		209	-1	-1	217	-1	-1
sector	44	58		477	478	495	494		-1	209	-1	-1
sector	44	58		479	480	497	497	496		-1	209	-1	-1	215
sector	44	58		481	482	499	498		-1	209	-1	-1
sector	44	58		496	497	517	527	542	526		-1	213	-1	220	-1	-1
sector	44	58		425	426	452	451	440		-1	-1	-1	-1	210
sector	44	58		460	461	470	469		211	-1	218	-1
sector	44	58		461	462	471	470		217	-1	219	-1
sector	44	58		427	428	472	471	462		-1	-1	-1	-1	218
sector	44	58		517	518	528	527		215	-1	221	-1
sector	44	58		518	519	529	528		220	-1	224	-1
sector	44	58		506	507	520	519		-1	223	229	224
sector	44	58		500	501	508	507	506		-1	228	230	229	222
sector	44	58		519	520	521	530	529		221	222	229	232	225
sector	44	58		529	530	531	544	543		-1	224	232	237	226
sector	44	58		543	544	545	554	553		-1	225	237	238	227
sector	44	58		553	554	555	561	560		-1	226	238	259	278
sector	44	58		483	484	502	501	500		-1	-1	233	230	223
sector	44	58		507	508	521	520		222	223	231	224
sector	44	58		501	502	509	508		223	228	234	231
sector	44	58		508	509	522	521		229	230	235	232
sector	44	58		521	522	531	530		224	231	236	225
sector	44	58		484	485	503	502		228	-1	239	234
sector	44	58		502	503	510	509		230	233	240	235
sector	44	58		509	510	523	522		231	234	241	236
sector	44	58		522	523	532	531		232	235	242	237
sector	44	58		531	532	545	544		225	236	243	226
sector	44	58		545	546	555	554		226	243	250	227
sector	44	58		485	486	504	503		233	246	245	240
sector	44	58		503	504	511	510		234	239	244	241
sector	44	58		510	511	524	523		235	240	248	242
sector	44	58		523	524	533	532		236	241	249	243
sector	44	58		532	533	546	545		237	242	250	238
sector	44	58		504	505	512	511		240	245	252	248
sector	44	58		486	487	505	504		239	247	252	244
sector	44	58		473	474	486	485		-1	273	247	239
sector	44	58		474	475	487	486		246	273	253	245
sector	44	58		511	512	525	524		241	244	251	249
sector	44	58		524	525	534	533		242	248	251	250
sector	44	58		533	534	535	556	555	546		243	249	251	254	259	238
sector	44	58		512	513	536	535	534	525		248	252	255	254	250	249
sector	44	58		487	488	513	512	505		245	253	256	251	244
sector	44	58		463	464	488	487	475		273	262	257	252	247
sector	44	58		535	536	537	557	556		250	251	-1	-1	260
sector	44	58		513	514	538	536		251	256	261	-1
sector	44	58		488	489	514	513		252	257	263	255
sector	44	58		464	465	489	488		253	258	266	256
sector	44	58		443	444	465	464		262	274	268	257
sector	44	58		555	556	564	563	561		227	250	260	279	278
sector	44	58		556	557	565	564		259	254	270	279
sector	44	58		514	515	539	538		255	263	264	272
sector	44	58		442	443	464	463		273	274	258	253
sector	44	58		489	490	515	514		256	266	265	261
sector	44	58		515	516	540	539		261	265	276	272
sector	44	58		490	491	516	515		263	267	276	264
sector	44	58		465	466	490	489		257	268	267	263
sector	44	58		466	467	491	490		266	269	275	265
sector	44	58		444	445	466	465		258	274	269	266
sector	44	58		445	446	467	466		268	274	275	267
sector	44	58		557	558	566	565		260	-1	271	279
sector	44	58		558	559	567	566		270	272	277	279
sector	44	58		538	539	540	559	558		-1	261	264	277	271
sector	44	58		441	442	463	475	474	473		-1	274	262	253	247	246
sector	44	58		418	419	447	446	445	444	443	442	441		-1	-1	-1	275	269	268	258	262	273
sector	44	58		446	447	492	491	467		269	274	280	276	267
sector	44	58		491	492	541	540	516		265	275	-1	277	264
sector	44	58		540	541	568	567	559		272	276	-1	279	271
sector	44	58		560	561	563	562		-1	227	259	279
sector	44	58		562	563	564	565	566	567	568	570	569		-1	278	259	260	270	271	277	-1	-1
sector	44	58		447	448	449	493	492		275	-1	281	-1	-1
sector	44	58		379	380	380	449	448	379		-1	282	-1	-1	280	-1
sector	44	58		350	351	380	379		283	-1	284	281
sector	44	58		349	350	379	378		-1	-1	282	-1
sector	44	58		351	352	381	380		282	-1	285	-1
sector	44	58		312	313	382	381	352		-1	287	286	-1	284
sector	44	58		313	314	383	382		285	288	297	-1
sector	44	58		275	276	313	312		-1	290	288	285
sector	44	58		276	277	314	313		287	289	295	286
sector	44	58		145	146	277	276		290	292	303	288
sector	44	58		144	145	276	275		-1	291	289	287
sector	44	58		88	89	145	144		-1	294	292	290
sector	44	58		89	90	146	145		291	293	302	289
sector	44	58		6	7	90	89		294	-1	301	292
sector	44	58		5	6	89	88		-1	-1	293	291
sector	44	58		277	278	315	314		288	303	296	297
sector	44	58		278	279	316	315		295	304	300	298
sector	44	58		314	315	384	383		286	295	298	-1
sector	44	58		315	316	385	384		297	296	299	-1
sector	44	58		316	317	386	385		298	300	-1	-1
sector	44	58		279	280	317	316		296	305	-1	299
sector	44	58		7	8	91	90		293	-1	308	302
sector	44	58		90	91	147	146		292	301	306	303
sector	44	58		146	147	278	277		289	302	304	295
sector	44	58		147	148	279	278		303	306	305	296
sector	44	58		148	149	280	279		304	307	-1	300
sector	44	58		91	92	148	147		302	308	307	304
sector	44	58		92	93	149	148		306	309	-1	305
sector	44	58		8	9	92	91		301	-1	309	306
sector	44	58		9	10	93	92		308	-1	310	307
sector	44	58		10	11	95	94	93		309	-1	-1	311	-1
sector	44	58		94	95	108	151	150		-1	310	-1	312	-1
sector	44	58		108	109	152	151		311	-1	313	-1
sector	44	58		12	13	153	152	109		-1	-1	314	315	312
sector	44	58		13	14	154	153		313	-1	317	316
sector	44	58		152	153	222	221	221		-1	313	316	320	-1
sector	44	58		153	154	223	222	222		315	314	333	334	-1
sector	44	58		14	15	155	154		314	-1	318	333
sector	44	58		15	16	156	155		317	-1	325	319
sector	44	58		155	156	225	224		333	318	326	335
sector	44	58		221	222	430	429		-1	315	334	321
sector	44	58		429	430	454	453		-1	320	323	322
sector	44	58		453	454	548	547		-1	321	324	-1
sector	44	58		430	431	455	454		321	334	336	324
sector	44	58		454	455	549	548		322	323	332	-1
sector	44	58		16	17	157	156		318	-1	-1	326
sector	44	58		156	157	226	225	225		319	325	-1	327	-1
sector	44	58		225	226	434	433		335	326	-1	328
sector	44	58		433	434	458	457		329	327	-1	331
sector	44	58		432	433	457	456		336	335	328	330
sector	44	58		456	457	551	550		332	329	331	-1
sector	44	58		457	458	552	551		330	328	-1	-1
sector	44	58		455	456	550	549		324	336	330	-1
sector	44	58		154	155	224	223		316	317	319	337
sector	44	58		222	223	431	430		320	316	337	323
sector	44	58		224	225	433	432		337	319	327	329
sector	44	58		431	432	456	455		323	337	329	332
sector	44	58		223	224	432	431		334	333	335	336

player	2	1	1	0